10000
1 22
6 1
2 53
4 23
7 5
5 12
1 79
7 34
10 82
1 3
1 26
6 71
8 80
10 95
8 18
10 10
8 35
3 97
1 43
8 61
4 83
2 43
2 24
1 22
3 26
7 47
4 35
3 3
6 1
10 31
9 19
3 14
7 60
10 89
2 47
1 61
8 51
9 46
9 28
2 43
9 13
10 73
1 0
5 55
9 74
8 57
5 71
9 30
6 40
1 56
6 35
6 97
6 48
2 84
6 13
5 34
4 77
8 3
3 35
2 76
10 39
5 16
2 83
4 50
4 22
4 4
4 7
4 48
4 44
8 0
10 9
2 62
8 65
5 29
6 32
3 30
10 96
7 36
8 16
4 15
10 64
1 13
3 78
10 100
1 4
6 19
9 100
5 68
1 31
4 22
8 19
5 43
3 80
10 12
5 24
8 33
8 10
2 59
4 24
5 66
9 43
9 42
6 43
10 79
3 48
9 52
3 53
9 69
1 7
5 8
2 56
5 56
2 67
3 71
4 32
4 18
8 79
7 39
10 80
8 80
7 49
6 19
2 96
3 72
1 83
5 59
5 66
7 78
10 23
1 19
2 83
7 22
9 47
5 1
4 36
5 34
10 74
3 18
3 3
10 26
7 76
2 98
2 44
1 77
10 59
9 44
9 100
1 17
10 34
3 61
5 78
1 55
10 41
3 9
8 65
2 89
10 35
4 12
1 16
4 41
9 42
8 27
1 89
2 41
7 89
5 69
1 81
7 47
3 100
8 74
6 82
9 66
3 34
1 15
4 49
8 1
4 86
1 68
9 48
2 38
3 35
2 16
9 28
5 93
8 77
2 52
7 5
6 3
10 86
6 43
5 44
5 67
9 10
7 18
5 83
8 25
9 3
10 41
2 23
4 8
8 90
10 24
5 100
8 3
2 1
5 71
10 39
9 97
2 5
3 96
6 16
9 63
7 47
1 40
5 29
2 90
9 20
9 30
10 51
4 91
10 48
4 53
3 82
8 76
10 41
4 51
4 74
3 87
1 93
8 80
10 41
10 65
5 69
2 26
1 63
6 0
4 22
1 88
2 16
6 89
6 39
5 37
3 58
10 93
1 82
4 85
1 99
2 67
6 29
7 71
2 84
4 53
3 56
4 51
7 57
2 69
8 46
2 87
10 50
4 9
1 74
1 48
4 5
5 21
5 60
1 26
1 60
8 44
3 76
10 59
10 11
8 65
3 15
1 51
4 17
1 23
3 75
8 15
1 67
8 41
7 96
1 81
10 21
7 77
6 67
9 73
2 76
2 9
5 7
1 28
8 16
1 66
7 20
9 70
7 78
2 24
9 92
1 54
8 26
4 2
9 36
10 18
4 59
5 45
2 95
7 93
2 7
3 80
9 6
1 48
9 51
2 89
5 75
8 93
1 43
1 58
2 4
2 56
8 36
9 60
5 60
2 54
5 94
7 66
10 60
9 55
5 46
8 27
9 68
10 22
5 43
3 5
8 60
1 80
2 22
8 23
1 40
6 81
5 30
2 87
5 56
5 9
9 10
9 55
1 22
6 30
6 2
10 62
7 12
1 69
3 11
10 74
8 17
2 54
5 14
1 12
5 51
1 65
9 35
1 3
9 15
4 2
1 89
10 32
1 55
7 89
4 48
10 48
6 76
6 91
9 100
6 84
1 19
10 33
5 91
4 50
2 65
8 53
5 89
4 73
6 7
8 46
3 16
6 31
2 95
1 82
9 9
6 59
3 96
6 59
3 52
8 20
6 40
2 92
6 52
8 73
6 98
10 52
8 38
4 90
5 55
9 78
4 100
3 53
8 33
8 64
1 49
6 100
5 70
4 74
2 73
7 61
10 46
1 22
4 14
8 79
2 36
6 58
2 46
5 33
3 53
3 30
1 13
4 87
2 22
7 90
8 39
1 35
3 54
5 65
1 100
2 94
6 29
3 17
10 93
3 82
3 42
3 93
1 57
7 55
1 41
6 56
4 87
8 56
6 93
9 29
3 40
7 58
4 95
9 3
7 68
9 27
8 81
5 96
1 5
4 3
3 29
9 98
8 24
10 11
4 6
7 35
8 8
5 46
6 2
8 9
10 64
5 32
8 56
10 17
9 32
1 1
8 71
8 94
5 46
8 90
6 16
1 69
2 11
1 48
2 49
3 56
9 30
2 55
9 64
4 21
6 18
7 29
3 15
2 27
3 72
6 89
1 28
1 17
5 88
8 79
10 80
10 96
3 16
10 53
1 92
6 32
8 22
3 5
2 14
8 36
1 21
8 18
4 97
2 29
10 32
2 73
5 42
9 9
10 56
6 77
9 89
2 35
4 86
3 81
1 70
2 93
7 78
8 20
8 50
9 23
5 67
7 54
5 42
10 63
7 15
3 85
6 63
7 84
7 82
10 63
1 7
2 8
6 24
3 78
10 26
7 40
9 82
3 13
4 100
10 35
8 63
8 47
9 78
5 96
4 60
2 68
2 54
9 37
10 1
2 44
4 16
4 68
3 95
8 40
7 44
5 3
3 83
3 33
7 34
9 32
6 52
10 3
10 8
8 74
10 11
8 95
3 40
7 20
1 90
6 91
7 75
9 47
3 13
4 77
7 94
5 67
6 88
7 82
9 37
8 63
9 3
4 34
4 74
8 49
9 93
4 16
5 2
8 84
2 0
9 0
6 37
1 29
7 80
5 70
7 52
2 43
10 28
7 88
6 78
2 68
10 65
10 67
3 74
7 97
10 97
1 41
4 70
1 43
6 43
6 46
2 48
2 37
8 4
9 90
10 89
8 49
9 0
10 56
8 90
2 63
3 42
7 1
2 26
10 30
9 80
1 12
5 1
1 12
9 38
5 44
10 56
4 19
5 68
8 54
1 51
1 24
8 95
5 49
2 11
4 47
3 18
9 69
2 89
2 83
5 20
4 92
1 17
2 21
6 1
10 27
4 68
8 72
3 77
1 80
6 98
4 38
7 26
3 22
3 86
3 97
10 68
5 66
7 25
5 51
2 4
1 55
7 13
4 6
6 51
3 74
7 65
7 89
4 66
1 56
4 66
9 13
8 59
10 59
1 52
8 75
4 28
7 48
6 57
1 62
2 37
8 59
2 8
10 26
10 46
3 83
5 40
5 56
5 13
4 19
10 81
10 37
3 92
3 64
6 52
6 86
6 70
4 12
7 86
4 36
10 37
5 14
4 21
1 0
4 2
10 90
1 34
9 73
1 64
4 7
6 32
8 18
7 96
3 90
8 63
3 19
1 67
9 74
10 79
5 99
8 100
5 59
9 93
10 64
2 97
3 59
1 80
8 20
2 74
3 18
10 35
10 83
8 47
10 28
2 34
8 34
10 21
10 22
4 47
6 29
6 12
3 46
8 76
3 47
10 76
10 59
3 14
5 12
9 57
2 40
7 96
3 45
9 77
9 51
7 53
6 32
9 30
10 75
5 85
1 4
6 74
3 72
10 75
2 89
9 86
8 19
2 87
1 74
8 31
4 81
7 78
1 66
9 26
4 40
2 84
5 48
7 80
7 92
2 75
2 90
8 55
5 58
1 92
2 22
1 17
4 6
2 19
3 95
10 6
1 49
1 9
6 47
4 91
10 16
8 25
4 3
4 36
1 37
7 94
5 25
7 87
9 21
1 15
3 9
7 50
7 69
10 98
8 31
10 53
8 20
4 24
1 51
2 10
3 14
1 39
8 39
3 49
10 24
2 31
2 16
4 65
5 56
6 72
8 73
3 89
10 18
8 17
2 95
8 64
4 70
7 53
1 1
1 66
5 44
3 94
3 14
10 48
3 36
4 78
10 76
9 80
2 32
9 95
3 60
10 31
1 13
1 57
9 84
3 96
4 76
2 41
8 63
4 0
8 66
6 3
4 73
5 62
3 83
7 16
8 29
2 11
1 37
8 45
1 4
8 73
3 82
6 13
9 76
8 3
3 22
7 54
3 65
3 7
5 38
7 42
1 54
1 97
3 78
10 60
1 47
3 16
2 51
6 32
7 8
1 9
4 50
7 93
10 44
9 5
7 85
1 100
6 70
2 80
2 0
2 0
1 75
2 49
9 34
3 38
8 29
4 19
7 86
8 25
3 69
10 53
3 44
9 4
6 53
1 53
4 14
7 81
8 73
10 2
1 7
9 3
5 0
4 77
3 4
5 12
9 91
8 34
7 35
4 66
9 75
10 71
6 56
1 31
5 32
9 5
8 31
2 87
1 8
8 83
3 53
9 31
6 23
5 20
10 10
7 38
1 46
8 0
1 40
8 58
1 37
6 9
2 89
8 46
3 36
6 21
6 42
6 50
9 21
4 61
1 28
1 61
8 65
6 29
3 70
6 32
2 83
7 97
5 80
8 68
1 1
2 66
4 85
8 23
3 22
10 48
3 41
1 37
1 12
2 29
1 2
6 54
7 2
7 76
10 53
10 76
8 74
7 16
9 37
2 13
6 48
10 73
8 1
8 59
8 1
7 92
2 80
2 68
3 31
6 27
1 69
10 76
10 79
1 92
6 27
4 1
1 75
8 82
7 97
8 7
2 66
8 23
9 72
8 10
3 0
2 25
4 30
2 12
1 24
9 8
3 68
1 35
6 1
2 71
3 1
10 93
6 30
6 31
8 12
7 45
9 9
6 51
2 59
8 90
3 70
6 34
1 52
3 73
10 56
2 20
9 43
4 43
5 58
4 62
4 60
9 52
3 7
1 23
10 86
10 19
10 54
6 1
4 9
5 95
10 93
7 70
6 20
10 6
6 24
1 45
7 63
2 16
5 96
10 60
9 22
6 48
8 13
2 76
1 93
4 18
3 3
6 16
7 28
3 59
2 14
6 71
10 6
2 89
5 96
5 70
5 32
1 2
4 61
2 62
8 77
1 86
1 99
10 100
9 74
10 65
1 71
1 50
1 59
1 23
7 95
9 16
4 9
9 43
7 60
10 24
9 2
6 21
4 19
8 11
4 28
6 16
6 58
2 2
8 28
8 40
9 74
7 20
10 7
3 9
7 39
3 26
1 19
3 35
2 4
3 81
2 23
8 77
9 38
3 6
5 91
3 84
7 100
5 29
1 30
4 62
9 20
7 87
7 64
10 41
6 100
4 0
10 85
10 31
4 34
2 47
1 60
4 92
8 95
3 82
9 11
2 81
10 75
6 54
1 27
7 59
6 55
8 91
6 11
7 27
2 48
6 91
7 59
3 97
10 93
5 75
9 45
9 89
8 92
2 48
4 74
3 89
8 18
2 53
6 88
2 11
8 18
8 46
2 92
6 50
10 65
10 20
4 99
5 63
2 61
9 21
2 4
10 59
4 81
6 42
8 87
5 40
4 92
1 38
10 54
9 4
9 32
2 36
3 80
3 44
5 50
1 92
9 76
5 93
10 62
9 25
8 83
6 97
1 7
10 39
1 100
7 11
2 34
6 46
4 88
7 44
7 90
9 10
2 12
3 44
6 10
2 72
7 57
10 76
2 61
7 87
6 95
8 37
2 4
9 84
1 63
6 58
9 11
3 19
1 75
9 89
5 92
3 40
2 76
7 88
5 4
8 23
4 79
1 81
5 2
2 42
1 24
2 62
8 94
4 0
4 26
7 96
5 93
7 35
10 50
7 13
1 34
4 93
1 96
7 80
4 92
9 31
1 58
5 29
1 77
2 60
10 9
9 93
10 33
10 42
4 23
7 6
5 91
7 5
2 39
8 55
7 86
5 63
6 62
3 28
5 87
6 100
3 92
5 85
1 11
10 41
8 72
7 61
1 93
4 73
6 37
1 0
7 95
7 82
2 79
4 7
10 9
9 25
7 52
8 53
7 73
4 79
2 33
10 39
7 21
2 10
7 93
9 24
9 53
1 19
1 97
8 5
8 86
5 26
9 4
4 47
5 70
2 72
3 9
5 7
4 36
5 2
9 68
8 44
2 61
7 97
10 92
6 41
3 94
1 25
10 93
2 61
4 71
1 30
9 98
4 98
1 73
9 85
10 14
9 5
5 1
7 35
4 19
7 35
10 23
3 60
4 25
10 84
4 43
1 73
6 11
3 83
8 51
1 46
8 95
6 54
1 14
7 12
6 90
10 22
2 1
7 45
3 99
7 74
5 95
6 23
7 32
5 55
4 66
8 64
8 80
10 63
9 32
1 73
1 0
6 56
10 51
4 75
8 34
6 91
1 35
7 55
10 59
9 11
1 49
7 28
4 8
9 52
1 91
5 1
6 27
1 71
8 40
4 73
9 54
2 55
3 90
3 9
2 7
5 96
5 43
4 97
9 21
6 55
9 33
1 20
6 65
4 52
2 48
4 85
10 90
4 46
2 45
1 82
7 83
1 66
10 82
3 85
6 11
9 29
9 13
3 82
8 64
2 95
6 51
3 4
4 47
1 80
5 98
2 89
2 17
8 30
8 22
8 52
8 14
8 76
2 89
6 17
9 48
8 15
9 84
4 23
5 82
2 56
6 12
10 98
7 85
9 5
4 81
9 64
5 4
4 11
5 19
10 34
7 49
3 78
6 62
9 11
1 14
7 1
3 67
4 60
2 89
10 48
9 21
8 86
1 63
2 68
9 12
9 16
2 6
8 33
5 78
8 54
2 60
8 15
5 39
4 83
8 73
10 70
7 61
4 44
7 55
2 48
7 1
6 23
1 89
2 33
10 27
1 90
5 86
3 65
4 78
9 72
3 2
1 48
9 10
8 45
6 73
6 55
6 29
9 51
5 10
7 87
8 72
5 77
8 39
6 99
1 4
6 63
2 78
10 31
5 79
6 65
8 75
9 99
4 47
10 31
3 55
6 15
10 20
8 53
2 20
10 26
1 36
7 47
7 49
6 74
9 18
4 91
6 62
8 37
6 45
2 15
8 48
8 56
5 54
6 65
6 37
6 19
5 58
5 50
6 2
4 87
7 22
6 6
8 36
3 2
2 62
5 52
10 96
2 6
10 1
2 7
1 45
1 14
6 86
3 41
8 27
4 92
3 96
9 25
6 40
5 7
10 49
1 65
3 21
4 15
8 41
2 65
9 24
8 26
8 89
3 38
2 15
3 35
4 62
3 60
4 40
9 48
5 95
2 16
2 7
2 64
3 96
2 77
1 85
9 59
1 50
2 85
3 3
5 93
2 28
3 98
5 29
5 4
10 39
8 3
9 39
8 88
2 62
7 86
3 55
2 27
6 75
4 6
3 50
6 57
9 71
7 38
10 40
6 93
10 52
9 11
8 28
7 0
10 60
3 24
6 42
8 11
8 71
4 92
3 71
4 51
5 83
7 30
4 91
5 57
3 50
5 22
9 18
6 84
9 51
7 36
1 70
2 43
2 92
4 83
2 31
10 58
9 88
10 33
5 53
9 24
7 8
6 33
7 98
10 92
2 61
9 2
3 2
4 25
6 50
10 53
4 17
1 30
2 53
7 22
1 89
10 46
4 97
7 95
5 76
10 38
4 93
7 93
2 44
1 55
3 13
6 80
8 96
1 5
2 2
2 9
10 17
1 62
2 62
4 22
7 87
10 19
3 65
3 80
8 76
6 74
2 38
5 90
4 15
1 55
3 72
3 69
5 92
6 59
8 65
2 64
2 43
3 31
9 70
3 78
9 38
5 64
10 75
10 20
7 68
9 75
7 86
4 98
5 62
1 51
10 54
5 34
10 66
2 54
2 64
7 55
4 42
3 28
4 57
6 14
8 51
8 6
6 3
4 64
8 41
3 67
10 21
4 69
9 8
5 10
2 4
8 9
2 57
6 45
10 12
10 34
10 93
7 1
4 14
1 15
1 96
5 55
1 18
7 21
4 69
4 51
1 88
5 88
10 89
9 7
8 24
3 62
8 17
2 56
9 34
2 72
2 1
2 51
3 98
7 39
3 34
9 84
6 56
10 94
2 65
9 80
2 58
10 59
1 96
9 89
8 98
3 39
2 40
1 65
2 69
9 47
4 60
9 100
1 62
8 79
9 57
3 72
10 27
7 7
8 5
1 82
3 71
9 5
5 54
6 26
8 79
1 89
4 99
6 84
6 33
4 22
1 29
6 97
1 88
5 88
6 60
7 89
3 87
4 1
9 69
4 83
9 90
1 7
8 96
5 24
9 3
8 99
2 82
9 78
9 13
5 61
1 69
3 30
9 36
7 76
3 23
5 33
5 33
9 86
7 33
1 5
10 72
7 95
4 2
6 55
8 86
4 67
4 17
1 22
6 44
1 8
10 30
10 84
5 93
7 37
6 1
3 17
10 29
8 72
3 80
10 66
4 89
1 96
5 87
8 10
3 54
7 34
7 82
3 72
3 12
7 66
4 29
1 17
7 6
2 90
6 92
4 57
7 42
4 89
3 89
10 69
8 49
4 91
1 79
1 98
4 90
5 30
8 77
3 82
8 36
9 13
2 3
3 23
6 85
5 19
7 36
2 70
2 95
6 15
10 80
9 20
7 6
3 15
5 79
2 49
9 68
1 48
6 9
5 53
3 100
9 35
3 97
3 0
4 25
4 6
2 45
3 58
10 71
10 57
2 94
8 81
7 96
1 22
5 32
10 87
3 35
7 31
1 95
9 81
9 23
3 95
10 59
2 68
8 28
9 88
1 19
6 76
4 39
10 18
8 75
3 65
4 39
6 32
8 56
6 55
3 58
5 27
6 87
4 7
2 2
3 17
8 0
7 29
8 16
8 91
6 9
8 39
10 69
7 8
6 85
9 72
3 56
10 72
5 20
5 96
8 72
9 81
7 31
6 54
10 100
4 88
5 49
10 24
8 38
9 58
6 70
1 60
10 39
1 27
9 26
3 48
9 30
6 4
9 12
10 97
7 34
8 89
7 60
3 44
1 40
9 61
2 51
8 20
4 9
6 72
10 43
8 78
10 63
10 73
2 66
7 67
5 57
3 54
4 57
4 20
1 90
10 2
2 87
1 92
10 28
6 10
10 58
1 99
9 92
6 30
2 61
10 30
7 67
2 71
5 52
4 97
4 100
4 75
10 23
1 58
5 83
2 18
1 44
3 91
2 0
10 3
8 60
4 42
4 47
9 37
6 67
2 3
7 59
2 99
3 99
1 78
4 87
10 72
6 44
8 17
4 22
6 92
8 61
7 47
10 5
4 100
7 28
3 18
7 12
4 35
8 72
5 3
6 35
4 98
4 90
8 86
4 66
5 30
7 57
5 23
8 82
5 46
7 10
7 99
8 57
1 79
8 19
2 34
3 34
4 68
4 34
10 13
10 17
6 25
7 26
4 40
5 100
2 42
2 17
6 53
5 9
3 16
2 21
3 45
5 92
4 65
8 32
10 51
7 20
7 87
10 70
5 83
3 69
4 73
5 93
1 47
10 17
7 89
7 59
8 96
8 94
4 74
9 69
3 100
1 24
8 99
6 55
9 11
1 55
3 72
9 23
2 96
6 44
6 49
4 25
5 21
9 42
9 45
1 56
2 31
1 48
4 68
2 30
5 88
8 50
5 23
4 29
1 54
7 82
2 95
3 5
5 49
7 20
1 86
6 27
3 21
9 11
7 17
7 53
2 45
6 75
10 83
3 58
3 99
6 50
8 86
4 13
1 83
5 10
8 30
7 86
3 45
1 90
2 87
1 53
9 18
10 75
5 79
8 35
8 13
6 97
1 5
8 51
3 4
8 92
9 72
3 21
4 21
4 99
8 13
6 62
4 49
5 2
1 0
8 14
7 76
9 96
10 91
2 84
4 47
9 90
10 59
5 54
6 71
6 70
4 87
6 77
8 40
2 20
8 17
9 28
1 69
2 94
5 87
5 16
8 44
2 20
7 25
7 50
10 9
10 67
4 91
8 21
5 98
4 7
3 20
5 36
4 79
5 80
2 79
7 16
6 1
7 68
6 3
8 86
10 36
4 43
3 99
4 93
1 43
4 4
10 68
1 52
9 43
3 14
2 52
4 82
6 62
3 9
2 30
10 55
6 47
4 78
8 28
8 83
6 89
9 78
1 16
10 89
7 36
9 37
5 5
8 84
3 26
4 60
6 95
3 40
2 18
6 55
10 94
10 76
7 34
6 92
7 24
1 63
1 73
5 4
1 16
1 53
2 68
5 15
2 45
2 63
3 24
4 60
10 44
4 23
2 44
2 24
1 51
3 74
2 84
7 23
10 18
6 78
10 80
3 9
10 16
5 48
5 79
7 8
4 38
9 81
2 70
9 93
7 18
2 78
10 95
7 34
3 37
5 28
6 67
7 28
9 42
8 17
2 51
2 54
7 47
6 33
1 31
9 30
2 23
8 48
10 75
5 81
7 95
6 54
9 73
8 77
10 14
7 90
4 83
8 20
3 58
4 24
10 74
2 97
1 1
2 62
2 22
2 47
4 98
2 69
3 98
2 60
10 34
6 84
8 9
4 78
5 94
2 75
8 79
4 4
9 14
1 88
8 80
7 44
4 34
5 100
5 11
2 39
6 44
9 60
1 29
8 67
10 45
7 56
10 65
7 71
2 87
3 58
10 91
9 81
8 45
6 71
10 54
7 45
8 97
3 88
10 59
5 18
7 40
2 79
3 26
5 27
8 35
2 48
4 1
4 30
8 76
5 73
3 0
6 67
3 28
4 93
4 31
10 42
9 36
7 21
3 95
7 80
9 66
7 83
2 82
5 3
7 48
6 28
1 81
4 85
8 87
3 75
2 60
6 6
3 52
2 8
1 28
2 28
5 25
6 44
10 10
5 14
2 98
10 28
7 3
5 34
5 61
4 68
8 17
9 80
9 60
4 50
3 44
9 67
6 30
4 38
4 41
7 79
10 27
7 13
5 5
4 58
4 47
1 45
5 71
8 17
6 95
7 0
3 22
1 19
6 26
8 47
8 86
7 10
1 30
6 36
4 97
2 1
10 32
10 34
8 22
5 59
3 30
2 15
5 18
5 14
6 44
3 31
6 55
6 38
10 23
1 86
6 9
3 44
6 40
5 96
6 82
1 18
4 72
2 48
2 98
4 28
1 86
4 42
8 56
1 50
2 54
5 16
6 13
10 86
7 50
10 12
4 53
7 73
2 72
7 76
4 21
7 87
8 58
5 56
9 11
6 23
1 63
4 46
1 3
9 4
10 88
4 1
3 45
4 20
10 62
8 91
8 91
6 69
4 96
6 40
5 46
9 13
1 45
1 63
3 8
2 93
8 36
10 30
3 20
3 94
6 77
10 87
9 44
4 21
4 72
6 70
7 64
3 31
2 100
9 35
5 63
10 56
3 2
4 17
4 23
8 14
3 92
8 51
3 52
6 56
8 71
3 99
5 61
6 76
6 62
4 79
9 88
3 10
7 79
8 1
5 70
7 56
8 78
7 25
2 46
8 14
6 41
9 77
10 57
9 75
8 34
9 18
6 56
7 98
5 6
7 1
6 5
2 11
3 76
5 17
6 56
2 96
9 7
9 66
10 97
7 1
10 68
3 67
8 96
7 70
4 60
9 80
6 4
3 40
1 27
7 18
2 97
8 32
2 76
7 35
9 3
8 49
8 0
5 22
7 25
1 73
7 80
1 97
2 36
5 49
3 76
10 99
3 35
8 45
10 95
4 90
4 29
4 83
9 74
3 44
9 13
1 50
9 15
1 100
4 68
9 96
8 37
5 89
6 33
3 6
9 69
3 49
10 54
2 46
10 7
6 40
1 66
3 61
8 66
2 69
4 53
9 83
5 93
1 19
6 19
7 10
3 75
10 13
6 43
8 51
10 62
9 48
9 21
10 0
9 49
9 0
1 36
7 58
8 21
3 41
9 36
8 30
3 80
7 26
3 3
9 6
7 26
5 93
10 90
7 17
7 89
1 17
10 5
9 14
8 40
2 51
6 95
10 56
6 100
4 35
3 50
2 14
7 36
6 67
9 87
4 100
4 77
9 25
2 49
8 4
3 60
5 10
1 94
2 28
10 94
9 16
4 43
6 9
8 41
5 46
8 97
6 87
3 29
7 56
1 47
3 71
8 4
3 30
4 12
8 28
1 57
4 43
3 65
7 91
2 79
9 83
9 40
10 93
5 40
10 45
8 82
4 66
2 73
7 84
1 0
10 10
8 45
7 92
3 70
2 77
3 39
8 37
5 94
5 68
6 62
10 96
4 29
1 44
7 50
1 87
4 38
10 32
2 87
10 23
10 46
5 2
5 58
10 53
9 44
3 92
10 35
9 62
5 39
1 17
4 86
5 4
3 32
2 40
2 4
3 0
6 22
8 15
5 99
6 24
5 42
4 73
10 18
4 71
3 24
9 0
10 10
9 86
9 65
8 31
6 88
5 58
2 3
1 48
2 53
6 78
10 46
1 1
9 99
4 76
10 99
9 52
9 53
2 37
4 51
5 77
6 50
7 10
5 45
10 19
10 29
9 99
2 12
10 55
1 78
2 61
4 11
6 14
2 83
9 46
6 23
6 40
3 2
3 17
1 12
5 82
10 67
1 27
9 14
8 12
4 4
1 32
10 48
7 82
6 41
10 97
2 8
5 76
7 17
6 47
2 73
9 56
2 1
9 18
8 58
10 94
2 17
6 69
2 92
6 46
1 25
2 91
7 46
9 42
2 17
4 46
2 36
2 55
4 29
5 50
10 11
5 15
7 15
10 30
10 74
8 58
2 59
3 66
7 11
5 97
5 89
6 88
3 80
1 77
5 6
3 45
9 75
3 88
6 77
5 53
8 64
9 2
7 88
2 32
8 8
5 37
7 36
3 74
5 5
3 100
4 63
4 69
10 85
9 43
2 24
9 60
8 14
4 4
2 74
3 15
9 79
10 34
2 48
8 84
10 52
5 17
9 19
1 1
1 0
10 73
2 1
10 19
4 44
3 92
7 61
7 93
10 64
10 85
3 55
8 54
2 72
1 37
4 88
1 7
8 32
3 4
4 65
2 60
9 89
9 100
4 3
8 47
5 47
9 60
1 60
1 54
9 73
5 83
6 90
1 94
5 56
3 29
4 37
10 14
10 7
4 19
9 67
4 13
6 72
5 67
6 81
4 14
3 14
2 41
6 61
5 81
3 52
10 20
9 90
1 70
3 6
2 67
5 72
3 33
1 14
5 70
4 93
4 25
4 57
7 63
7 74
10 92
10 5
9 33
4 48
5 47
4 46
3 27
3 24
2 100
7 65
6 64
10 51
1 99
5 67
10 45
10 55
10 67
9 48
7 33
1 47
9 21
1 0
3 34
9 85
9 98
1 36
8 42
8 37
1 16
4 21
3 43
7 36
6 32
10 66
5 85
1 2
10 63
5 98
9 5
10 72
7 64
3 69
7 51
3 61
6 45
6 13
3 72
10 36
3 7
7 65
7 41
1 84
8 90
2 5
4 36
3 76
3 37
4 21
4 50
1 0
2 44
6 34
10 48
8 25
7 50
9 7
3 71
7 50
6 70
3 20
2 9
6 6
2 41
1 39
1 9
2 46
10 13
1 40
10 35
4 7
8 90
4 14
8 35
7 3
2 7
2 18
3 91
3 43
1 26
1 7
7 88
2 21
1 60
7 7
1 1
9 32
10 22
4 49
9 45
4 66
3 70
5 27
1 83
3 7
7 22
5 46
4 36
4 53
2 68
4 82
3 7
4 0
10 72
9 13
4 79
9 56
5 92
7 60
8 99
5 48
5 45
2 40
5 94
7 51
5 67
4 85
6 86
2 12
2 61
9 39
4 57
4 72
1 8
1 90
7 23
10 76
3 54
5 53
10 46
8 63
4 68
4 48
3 37
5 2
3 64
4 69
1 30
2 80
1 51
3 61
4 36
8 93
3 64
1 29
8 95
10 10
6 89
6 49
3 41
1 32
5 66
10 77
3 13
9 73
4 94
9 96
8 15
9 70
7 17
7 51
3 18
1 51
5 36
8 40
5 74
3 93
8 57
9 91
9 65
7 58
8 29
10 46
6 24
6 45
7 63
4 72
1 40
4 0
1 41
8 45
1 65
3 15
6 40
1 8
1 35
9 81
2 99
3 16
8 39
3 66
5 7
4 12
9 25
5 31
9 66
10 64
2 47
7 98
7 97
5 77
2 7
2 87
10 21
1 73
1 1
7 83
9 79
1 15
7 24
7 39
6 94
6 12
2 72
8 34
7 32
8 19
2 82
6 97
4 44
4 3
2 57
10 25
5 43
7 96
9 64
3 65
4 67
6 11
10 94
1 19
3 93
9 89
5 99
4 11
6 84
5 78
9 9
5 43
2 0
7 91
10 44
5 44
5 31
8 24
2 70
2 94
7 61
1 30
7 91
4 97
5 59
5 56
9 50
10 27
2 53
3 31
4 85
9 30
4 14
6 42
7 96
6 14
7 56
3 27
2 92
8 98
3 21
2 36
10 3
3 5
1 25
8 95
9 42
3 80
8 82
8 77
5 3
8 77
9 48
1 36
3 33
3 16
6 33
5 21
10 40
6 76
8 60
4 38
4 54
4 0
5 41
8 21
5 9
10 35
6 4
7 49
4 97
6 66
7 28
5 15
3 65
4 76
2 8
1 78
2 19
4 42
3 8
6 61
6 80
6 41
8 17
6 49
1 97
2 94
5 53
1 10
10 58
4 16
5 4
2 37
7 49
2 55
2 65
8 8
2 56
1 65
6 78
8 94
9 43
8 18
8 58
8 14
10 32
2 46
7 63
5 90
10 100
7 67
10 48
1 2
7 32
7 36
1 67
9 22
1 16
4 60
5 75
9 61
1 61
6 84
2 41
3 32
10 81
8 53
8 73
2 83
9 77
3 52
2 69
8 9
9 43
2 98
5 48
10 6
2 52
8 70
8 5
8 7
2 49
1 73
10 85
10 16
9 99
9 13
1 50
8 34
7 34
9 45
8 88
5 58
10 83
7 45
10 69
2 49
9 27
1 22
3 33
1 33
8 97
5 99
8 16
10 69
6 78
1 59
6 7
6 50
5 36
7 51
5 5
3 95
6 7
9 44
4 67
3 20
3 21
1 15
10 19
5 97
8 22
5 85
2 100
1 46
3 20
1 23
5 98
9 48
1 68
5 21
1 50
7 50
5 55
9 40
6 95
3 67
4 42
8 6
5 43
6 34
4 34
10 73
4 27
3 97
8 32
8 33
3 6
6 95
10 32
7 48
10 91
10 31
2 15
6 29
10 58
6 9
6 49
1 29
2 27
3 30
7 63
8 93
10 40
6 6
10 81
7 14
7 23
7 3
1 45
8 75
6 23
10 92
6 72
2 24
5 5
8 74
10 73
5 85
7 61
9 22
6 78
6 91
9 99
3 10
7 0
10 0
8 21
8 47
7 67
6 77
4 78
3 79
4 28
6 47
2 81
5 17
7 60
3 66
5 50
3 62
4 42
3 7
5 81
5 27
8 40
6 64
3 91
10 46
3 12
9 87
4 20
3 2
9 1
1 9
8 3
10 96
3 22
7 14
1 4
3 12
9 84
2 25
7 72
9 98
1 91
1 96
1 7
8 89
2 54
4 31
7 30
10 65
4 8
7 6
8 38
5 74
7 85
2 28
6 42
4 38
10 91
9 38
3 89
2 7
3 20
7 95
10 56
9 79
8 57
9 84
1 93
1 97
10 25
2 7
2 31
9 54
6 71
3 83
8 15
4 48
8 84
2 36
8 84
10 49
8 18
5 3
3 27
1 29
9 0
1 10
6 65
10 64
2 92
7 50
2 83
5 21
8 100
5 44
1 24
4 95
5 4
7 26
3 68
5 97
7 39
5 58
8 3
8 63
10 70
6 94
1 29
9 67
7 39
10 14
2 70
4 92
8 88
7 92
5 11
10 39
9 12
4 71
6 40
10 1
3 100
9 65
9 41
8 54
5 54
1 77
5 12
7 100
6 66
9 29
10 71
5 59
3 83
7 81
6 45
7 98
9 14
3 6
4 12
4 77
6 60
9 96
2 90
9 92
3 76
4 23
4 59
10 6
2 37
5 46
9 12
4 2
4 10
2 27
10 15
1 28
4 44
6 73
1 58
6 74
7 31
8 92
3 67
10 9
2 48
2 95
7 83
1 60
4 83
5 82
6 28
5 84
4 81
4 14
6 68
2 9
6 76
1 75
6 82
8 62
3 34
4 12
3 67
10 78
4 74
1 88
4 35
2 33
3 97
10 86
8 32
1 99
3 52
5 67
8 50
1 37
3 21
1 78
6 1
1 78
2 36
2 91
4 29
6 67
3 14
7 95
6 63
2 37
5 77
6 94
6 50
6 97
6 84
9 30
10 40
9 94
3 30
8 85
4 77
5 14
3 46
5 91
3 97
9 69
1 51
2 10
9 77
9 90
2 43
1 69
1 61
4 56
1 97
5 98
3 72
6 22
4 92
5 72
4 43
2 0
5 69
10 0
10 76
7 54
3 77
7 34
1 80
4 28
7 48
2 3
9 5
8 90
2 88
7 49
2 73
1 81
2 87
1 55
10 22
1 52
6 51
4 47
6 96
9 77
4 23
9 45
7 93
10 12
2 63
2 82
3 12
2 100
5 53
3 94
6 69
4 25
5 98
1 89
8 81
6 9
4 58
4 90
10 6
8 60
5 62
10 94
9 3
6 70
1 88
2 59
10 81
3 23
7 41
4 51
9 47
5 23
9 52
1 37
9 92
10 34
10 60
4 51
10 52
6 74
4 54
6 30
2 17
7 99
9 30
5 31
5 28
4 14
4 75
2 7
8 77
7 73
7 27
7 79
5 27
3 89
5 7
2 60
7 24
4 11
9 74
7 76
7 43
10 42
7 62
5 83
10 73
9 67
4 93
2 99
1 73
4 17
4 57
9 18
1 69
2 18
3 67
7 59
7 76
1 59
6 27
3 68
3 92
8 88
9 31
8 11
1 79
10 90
5 51
3 29
2 64
1 44
3 26
9 100
4 98
3 50
9 79
5 41
2 80
1 77
8 9
10 26
5 1
7 67
8 9
1 36
4 25
2 47
5 39
5 60
8 96
3 22
1 74
9 4
10 62
7 2
9 69
2 16
5 100
5 0
4 50
10 24
3 98
6 84
4 95
8 27
3 38
5 81
9 71
2 46
8 48
3 15
9 9
6 31
1 67
9 43
9 37
8 54
1 97
8 90
5 38
2 22
3 82
10 51
2 46
8 77
7 100
4 39
7 40
1 8
10 46
6 76
7 19
9 94
5 29
10 75
10 69
2 37
4 74
8 55
4 91
3 37
3 3
9 59
6 99
4 71
8 33
4 53
6 82
6 74
5 98
6 10
7 7
3 6
5 30
6 21
5 74
10 27
3 16
2 62
10 15
7 63
4 15
2 10
8 100
6 73
9 35
7 35
7 13
6 82
8 79
2 90
1 1
8 77
4 47
7 71
6 100
5 92
2 83
6 73
3 48
2 9
2 90
2 6
7 50
5 50
3 52
1 14
5 16
6 0
4 0
3 16
10 77
2 87
5 47
9 56
7 10
7 0
7 95
3 24
2 32
10 37
5 24
4 76
3 47
8 51
1 3
9 19
1 67
8 57
3 95
6 28
4 27
8 70
5 91
9 2
4 92
1 74
2 43
3 95
7 63
5 44
2 38
1 97
8 5
7 38
9 57
3 33
9 100
5 28
1 1
2 40
4 91
3 48
3 65
2 23
5 32
4 56
2 69
10 68
1 1
3 56
10 15
8 79
1 41
2 76
1 100
8 17
1 23
8 86
6 14
9 53
3 69
10 1
6 29
2 3
9 37
10 22
2 34
9 67
1 38
2 15
8 89
3 7
2 80
1 16
10 6
2 17
1 25
3 70
2 93
8 44
4 92
2 65
6 48
10 51
4 1
3 77
2 5
8 95
10 16
7 95
3 15
2 12
6 93
1 95
7 38
8 8
3 18
1 22
3 41
3 8
7 58
8 33
8 48
7 0
6 86
2 1
10 45
7 8
5 50
10 23
7 50
1 42
4 27
1 29
4 13
10 83
8 13
2 73
3 28
2 6
7 13
10 96
5 66
6 62
3 11
5 67
4 73
5 42
7 3
2 78
5 90
6 65
8 7
10 73
1 54
6 26
5 78
5 45
7 59
9 33
9 43
8 14
7 63
1 30
1 23
9 5
10 59
6 30
7 26
6 73
8 79
6 16
9 92
3 43
3 65
3 55
3 2
10 9
9 31
5 45
4 96
1 77
6 37
2 98
1 53
1 94
7 47
9 4
4 40
9 10
10 71
8 66
3 78
3 25
2 95
5 86
4 53
2 27
9 37
2 44
4 95
1 0
6 85
4 34
3 80
2 57
8 32
5 25
5 33
5 21
5 39
3 47
4 36
2 55
8 21
1 35
9 45
7 63
7 14
4 71
7 37
9 12
7 83
6 11
8 29
8 51
8 11
7 4
1 49
1 26
1 45
10 96
3 62
3 41
7 66
1 84
7 46
5 78
3 16
7 64
1 30
1 23
7 100
7 71
4 27
5 25
8 70
2 4
9 46
3 1
10 0
7 25
6 31
10 3
7 25
9 98
1 23
4 99
5 21
9 58
4 3
5 26
5 65
7 25
10 30
2 43
4 35
2 89
7 69
3 52
1 75
4 12
8 30
3 86
3 41
9 86
8 44
2 43
5 51
9 28
1 21
4 100
7 58
1 8
2 61
1 5
6 58
9 78
5 49
10 71
6 93
8 73
5 99
2 28
9 34
9 42
4 85
7 59
2 56
7 65
1 87
4 9
3 83
5 55
5 9
5 56
7 88
6 63
6 89
7 67
7 12
2 88
3 9
10 67
4 90
2 99
3 61
8 75
2 100
6 72
8 25
8 29
2 21
4 41
3 6
8 33
5 80
1 57
10 51
2 15
4 70
2 57
8 52
8 44
8 21
7 60
8 69
4 15
1 34
6 31
6 7
3 87
1 79
2 20
4 89
9 19
8 31
3 8
5 95
10 58
8 10
7 9
3 10
9 25
6 63
2 91
10 27
3 29
10 83
3 75
2 75
1 14
10 47
1 16
4 94
1 39
4 76
4 84
5 59
2 8
9 72
1 79
8 39
10 49
7 92
5 51
4 90
1 93
9 45
4 83
1 61
5 26
4 73
9 76
8 0
2 41
4 62
5 6
6 88
4 1
9 44
4 54
4 57
3 69
6 24
8 21
10 32
6 0
1 3
3 91
6 79
2 41
8 59
7 30
5 97
2 40
4 37
7 62
10 81
6 69
10 56
2 89
10 61
4 39
10 95
1 14
6 91
10 49
9 46
4 29
5 42
8 73
5 100
4 67
6 77
6 44
10 49
1 44
7 9
9 11
9 44
1 33
10 69
10 52
8 71
7 40
7 68
7 9
9 41
8 55
3 22
8 34
9 60
3 94
3 75
10 92
5 39
1 33
9 39
6 68
1 79
2 47
2 15
2 15
5 64
1 38
1 79
1 65
4 65
2 83
1 64
3 45
2 34
9 66
4 49
7 8
3 28
3 40
6 20
2 7
4 32
2 44
1 2
10 42
10 39
9 56
1 85
3 84
7 94
6 11
7 58
9 32
10 93
9 55
1 58
10 31
1 57
8 89
3 9
5 88
1 83
4 56
9 45
6 72
9 97
6 75
10 1
1 4
3 67
1 62
8 32
8 96
9 41
5 30
6 34
3 49
9 5
1 49
9 88
5 59
3 72
1 98
1 48
8 20
1 85
2 42
2 37
3 94
5 71
5 91
1 85
10 21
4 67
2 14
1 52
10 20
1 98
1 61
5 79
4 12
9 81
2 1
1 46
1 40
5 76
1 73
3 2
5 24
1 77
9 31
6 30
2 81
5 94
2 56
2 61
10 63
2 29
7 52
5 100
7 55
6 7
3 24
10 45
3 47
5 59
5 54
6 39
4 95
10 40
7 33
4 91
7 85
9 50
2 8
7 62
7 44
5 99
5 71
6 85
7 23
7 18
10 92
9 38
10 8
4 91
10 89
6 88
7 97
5 55
3 60
3 21
10 36
7 24
9 89
9 43
3 53
3 86
1 28
8 79
1 23
3 90
9 95
9 47
10 23
3 69
2 96
2 73
1 97
7 24
6 70
4 79
8 82
3 81
8 2
7 7
1 11
2 71
8 50
5 37
2 34
2 18
5 46
4 26
7 37
10 11
2 4
5 87
6 30
9 7
2 24
4 47
10 71
8 72
9 67
2 64
1 77
3 34
9 77
9 62
4 41
4 97
5 75
6 95
5 70
10 13
3 75
6 97
5 99
1 17
3 92
6 84
2 21
5 38
3 80
3 70
5 39
4 56
8 30
7 83
2 38
5 47
8 77
1 19
5 65
2 60
9 29
8 81
2 86
7 44
2 57
3 72
1 39
5 22
3 69
4 94
5 55
3 93
8 17
4 6
1 37
3 54
9 29
3 18
6 62
5 48
3 46
6 7
6 83
8 86
2 3
10 98
6 95
2 21
2 71
3 29
3 43
8 87
3 86
4 65
7 40
10 75
8 91
5 49
3 57
2 87
7 38
3 36
6 20
1 13
1 14
2 86
7 68
10 35
1 96
9 7
10 54
9 90
8 34
7 69
7 56
5 32
9 31
4 21
6 82
9 17
1 0
4 9
4 37
2 18
10 17
5 69
1 95
6 92
4 30
6 81
2 50
4 43
9 74
3 70
9 29
7 66
5 71
5 10
2 17
9 64
7 53
9 76
4 91
9 28
10 9
4 96
2 71
7 35
7 82
1 27
8 1
1 69
7 60
3 41
1 60
3 38
5 23
4 39
1 93
8 58
4 5
8 46
2 16
10 33
10 26
6 47
1 56
3 83
6 24
8 92
8 94
5 53
6 10
7 6
7 43
3 4
2 33
7 28
9 8
4 60
1 70
9 91
3 62
5 64
4 16
7 77
2 81
10 28
4 32
4 58
9 9
6 44
3 40
5 58
2 85
4 15
5 4
6 0
6 80
2 89
9 38
2 23
5 50
10 17
8 16
6 97
10 33
6 25
10 87
7 27
7 17
6 70
2 37
8 30
6 94
2 44
1 21
10 12
7 77
9 3
5 99
1 12
4 36
6 53
8 28
7 60
4 21
4 97
4 31
10 84
1 27
7 84
6 7
6 23
10 5
6 34
6 25
1 12
3 4
3 63
6 100
4 13
2 17
4 19
7 55
2 8
9 39
10 23
6 23
3 38
9 15
5 14
9 53
3 20
6 64
1 30
7 32
3 15
2 79
1 36
4 42
2 74
4 12
2 77
4 14
5 8
9 12
5 12
7 37
6 93
1 86
8 18
1 29
1 30
8 67
4 100
2 80
9 65
3 11
3 69
7 22
4 64
2 54
9 78
1 58
7 18
4 62
4 29
5 21
4 28
9 88
10 5
9 39
4 63
4 93
1 0
3 53
9 68
8 46
5 97
2 2
7 11
8 61
7 82
6 11
3 21
3 26
4 65
7 16
5 54
2 49
9 15
9 39
1 55
1 44
9 93
9 23
8 14
4 5
2 35
6 20
9 55
1 79
7 93
1 36
1 72
9 11
3 93
3 90
5 69
3 68
5 3
5 64
7 27
6 55
2 85
7 94
10 38
5 42
3 30
5 33
6 15
7 39
8 88
2 99
5 65
2 75
7 66
1 96
5 29
7 58
8 79
9 62
10 23
3 4
8 51
4 97
5 4
7 12
5 56
2 33
2 78
4 44
6 100
9 54
9 19
6 1
10 2
5 32
3 47
1 86
9 5
10 11
10 3
1 32
1 11
6 69
9 93
7 84
9 78
6 10
4 1
10 25
2 94
4 1
3 38
1 100
6 27
8 89
9 5
3 95
8 3
8 48
9 33
10 15
8 68
10 63
1 78
5 3
5 83
4 28
2 4
9 12
9 35
3 44
8 84
5 88
7 13
2 61
1 37
7 0
3 5
5 69
2 79
5 67
2 53
8 26
2 100
9 82
1 87
10 14
9 32
9 90
3 6
6 74
4 95
5 64
9 17
3 29
2 4
5 1
6 56
5 28
8 93
9 73
8 70
4 42
5 92
5 33
5 55
5 1
8 77
2 39
1 0
5 13
4 69
10 52
10 86
8 53
2 81
3 100
5 36
7 64
4 63
2 27
1 9
8 67
6 81
2 37
5 5
3 29
10 61
7 3
2 23
3 44
2 89
2 75
5 75
2 7
1 38
2 26
3 49
10 45
10 60
7 63
8 95
6 80
8 22
8 94
1 98
4 70
8 68
5 69
8 2
9 65
9 31
6 56
8 46
10 88
1 82
4 35
5 9
7 48
9 31
3 68
3 28
9 11
7 28
7 83
6 80
10 43
8 43
8 35
9 85
8 65
5 50
4 33
1 1
5 25
4 33
6 61
5 22
5 91
7 19
5 4
6 24
2 43
7 77
3 76
7 13
9 45
4 97
10 18
3 6
5 91
4 74
10 10
3 21
9 61
6 6
6 23
7 40
8 100
6 70
2 5
7 73
9 72
8 76
6 19
3 23
9 86
6 69
3 58
4 26
9 34
2 32
4 80
7 91
1 81
3 22
8 90
5 67
7 63
10 98
10 15
4 34
7 75
9 6
9 9
3 0
5 46
9 58
4 80
9 52
3 68
2 98
3 100
4 87
10 19
2 26
4 84
4 60
9 85
2 26
1 33
10 3
7 63
1 29
5 4
2 51
5 37
3 22
6 82
8 1
9 8
1 21
6 30
9 81
3 88
8 45
8 59
7 76
9 91
8 31
9 12
5 15
7 88
5 38
1 81
5 33
6 80
9 95
6 38
9 67
9 85
2 19
5 20
3 16
5 35
8 84
7 41
9 73
2 71
7 57
2 35
1 20
9 84
2 88
4 46
8 67
2 43
8 89
7 0
4 50
1 33
9 25
9 46
8 42
10 48
10 9
7 23
4 54
1 62
10 74
9 96
3 39
5 10
9 75
9 49
4 3
10 3
8 61
8 30
8 36
7 56
8 77
5 3
9 28
8 75
5 49
8 61
1 33
1 34
6 13
2 80
10 62
3 25
3 3
3 23
6 92
4 34
5 8
1 58
9 67
5 39
5 70
10 5
7 80
9 54
3 18
5 67
4 56
8 75
7 13
3 100
9 29
5 35
1 5
9 86
1 20
5 32
4 26
8 94
8 76
10 69
5 43
9 82
3 78
9 92
9 89
4 54
1 90
5 6
2 1
1 8
3 84
9 45
1 88
5 30
5 96
5 79
3 1
8 98
8 17
3 98
8 22
4 8
5 90
2 91
8 88
9 31
4 37
2 98
2 10
2 68
10 6
6 9
10 47
4 23
7 12
8 80
5 9
4 12
10 46
9 95
10 69
8 11
9 5
3 56
8 58
6 94
4 95
3 39
3 92
5 91
1 27
10 4
4 16
7 30
4 60
4 63
1 89
1 76
1 74
4 2
2 95
5 47
2 96
5 90
10 47
5 35
8 55
8 84
8 37
9 69
1 84
2 43
8 17
4 37
9 99
8 34
1 37
7 80
6 97
5 75
7 77
9 39
9 3
5 65
7 8
8 57
3 90
10 93
1 59
4 57
8 8
2 61
1 100
2 88
3 18
10 47
10 73
2 80
9 3
2 22
7 35
6 28
8 53
5 22
9 45
10 25
3 39
2 42
3 80
9 45
3 5
10 16
10 5
9 55
9 92
2 47
1 58
6 25
1 21
10 3
3 43
6 14
3 42
9 81
2 35
10 10
1 71
10 86
10 94
2 99
2 51
5 7
1 65
1 34
10 58
8 56
3 45
7 27
7 39
7 76
8 34
4 20
1 18
6 22
8 43
1 56
5 88
9 39
9 86
7 8
5 70
8 95
5 41
6 22
10 24
8 82
4 3
4 81
9 54
4 8
9 56
4 49
9 38
2 85
10 97
9 59
8 83
5 10
7 48
3 22
1 3
10 50
4 66
6 80
6 84
9 53
3 58
10 7
6 51
8 23
7 93
8 38
7 54
2 55
5 37
7 93
5 81
10 27
1 85
7 92
2 98
3 32
3 73
5 71
5 29
1 9
10 44
10 81
2 38
10 64
9 38
5 88
3 88
5 42
10 57
1 48
2 68
7 31
7 6
3 34
4 13
9 37
3 9
5 74
1 64
2 55
2 0
7 2
7 97
3 28
7 59
10 2
8 68
1 21
1 21
10 57
6 57
7 19
10 1
8 86
8 55
4 22
5 35
1 82
4 70
1 77
4 61
10 13
5 21
6 48
8 22
6 98
8 100
2 7
7 6
7 41
4 73
10 85
5 65
6 58
10 52
8 84
10 2
3 36
9 73
10 87
4 96
7 59
2 37
7 89
6 91
1 35
5 46
4 29
4 93
9 6
3 57
2 3
3 48
3 17
10 97
4 8
10 96
3 32
4 72
8 35
7 100
2 71
5 80
1 44
9 43
3 62
1 72
2 90
5 89
7 56
4 11
4 9
6 49
5 94
3 21
1 79
1 65
10 3
5 63
9 81
7 13
7 24
4 44
4 97
1 42
8 58
9 30
8 81
8 39
4 20
3 23
6 35
4 40
8 24
3 90
9 71
4 70
9 45
8 34
4 95
3 48
2 8
5 64
7 28
8 12
10 65
5 39
9 63
1 13
4 7
3 33
4 88
7 39
5 74
2 85
9 27
7 3
8 83
9 94
8 57
2 89
10 96
10 88
9 18
10 69
8 38
4 16
7 20
7 11
5 46
2 57
3 60
1 13
5 14
5 78
3 82
3 42
5 58
7 92
2 12
5 64
4 36
1 15
6 57
7 74
8 89
10 51
4 74
8 98
3 84
8 57
1 79
8 45
1 17
8 21
8 77
3 65
4 51
8 22
7 88
8 77
9 94
10 21
8 81
8 85
1 3
9 40
9 49
1 3
9 74
2 0
4 78
4 95
8 51
9 70
3 82
8 94
10 91
6 95
2 5
10 91
1 95
1 88
9 29
8 82
3 9
4 22
9 84
5 86
10 38
2 30
6 30
7 70
1 16
1 34
7 20
10 81
5 80
7 8
4 17
7 71
6 45
7 48
3 10
7 11
4 24
4 90
7 28
6 42
9 84
6 82
6 82
5 99
10 41
8 75
2 97
5 38
10 57
10 64
7 67
3 88
2 52
9 87
4 26
2 30
8 79
2 91
5 43
1 36
3 5
6 61
9 23
9 67
9 89
10 72
5 90
10 12
10 67
6 44
8 92
1 55
9 94
7 96
8 32
2 7
2 51
7 33
2 46
6 57
4 74
8 1
8 97
10 23
9 91
9 43
9 37
3 1
1 24
5 33
4 78
4 49
4 34
2 35
5 21
2 67
9 47
6 63
4 43
7 43
2 42
10 82
5 2
1 54
3 63
9 81
6 29
5 29
1 11
9 10
9 98
7 29
8 5
6 58
10 64
6 21
1 31
8 68
5 5
8 12
7 96
8 33
4 71
8 95
4 98
9 11
2 6
4 80
9 67
6 9
1 45
5 96
9 12
7 33
9 31
9 59
4 3
5 94
3 72
4 66
2 6
4 64
7 5
7 67
10 89
6 81
10 44
9 84
9 59
4 26
6 3
6 55
2 8
9 99
9 0
8 7
6 28
6 44
9 77
6 32
3 85
5 11
8 4
3 43
9 3
3 38
9 65
4 12
10 41
4 17
5 20
1 57
4 35
5 77
1 84
1 15
2 88
6 33
8 65
1 92
8 58
4 32
7 5
2 46
4 13
2 77
7 4
5 66
7 3
7 71
5 49
6 66
2 36
5 56
1 58
3 100
3 9
5 48
9 12
1 47
4 27
2 9
4 90
9 36
2 1
9 92
8 69
2 92
6 11
7 25
9 93
10 99
1 54
8 11
10 29
3 99
7 82
2 8
10 93
3 100
7 97
7 92
3 67
1 5
9 40
6 94
2 75
3 93
2 91
9 67
6 41
7 46
5 28
5 9
1 99
9 62
7 84
5 17
2 20
7 100
5 82
4 47
6 63
1 6
4 20
8 47
3 35
6 13
9 78
3 54
2 24
5 22
6 88
2 51
10 14
8 5
4 8
7 54
5 80
6 61
7 0
10 75
5 92
3 33
2 16
5 57
7 68
5 0
2 37
4 94
4 6
6 18
8 74
5 25
8 76
8 89
10 67
1 89
4 15
5 95
6 82
9 8
10 41
9 32
1 25
9 62
7 75
1 53
8 96
6 16
9 99
8 64
5 52
3 32
4 9
2 87
4 82
3 37
1 72
10 90
8 12
8 16
9 89
2 7
10 20
10 54
9 18
1 85
4 95
5 65
6 64
3 31
8 69
4 98
10 75
1 29
2 50
2 7
4 35
8 97
8 83
4 26
7 71
9 0
2 36
9 95
1 72
5 82
8 72
8 43
3 52
9 28
5 14
7 79
6 51
10 89
5 28
9 51
7 50
9 12
7 98
9 65
2 83
6 68
7 43
3 58
10 66
3 11
2 91
7 82
5 49
9 23
2 45
9 64
7 18
1 8
8 8
2 24
5 81
8 57
8 24
9 16
9 22
5 20
4 26
4 97
2 17
3 57
9 52
3 76
2 91
4 10
1 100
2 69
5 83
3 93
2 82
1 78
3 1
9 25
9 58
4 57
2 29
6 65
2 20
7 49
6 30
5 46
3 80
1 86
10 52
5 82
10 27
9 25
10 23
4 20
9 66
9 69
4 89
4 11
5 68
3 87
10 2
7 93
10 10
10 65
1 29
8 34
1 55
6 47
9 33
8 2
3 16
3 44
8 47
10 4
6 57
6 99
1 47
8 40
5 49
9 77
4 12
2 50
4 19
1 65
6 49
5 13
9 33
4 82
3 39
1 27
3 69
3 100
1 61
5 72
7 71
2 7
2 82
3 60
10 14
8 49
10 56
9 35
9 60
4 10
4 90
3 7
2 40
4 70
6 2
1 50
8 82
10 25
3 29
4 100
9 36
5 48
9 64
7 80
5 98
2 76
2 88
4 89
7 58
5 94
4 27
6 68
2 93
6 97
9 0
5 72
10 78
3 45
8 98
10 83
9 98
5 49
1 10
6 69
3 80
7 24
1 71
7 93
6 90
3 52
5 55
5 46
1 93
10 60
5 72
5 24
3 78
7 94
5 79
4 56
3 31
9 17
8 0
8 27
4 4
6 67
4 31
1 67
2 47
2 32
1 5
2 26
1 4
4 22
6 4
10 61
2 40
3 67
1 20
7 2
10 72
4 54
6 78
10 46
7 45
7 49
8 13
6 21
7 17
8 56
3 32
2 49
3 33
2 45
5 70
5 12
9 73
1 28
9 33
1 5
9 51
7 93
8 19
5 20
3 34
7 34
3 88
1 97
4 20
4 79
3 14
4 42
8 17
9 65
3 26
1 59
1 68
6 51
6 1
10 90
9 89
7 19
3 47
2 96
7 20
8 50
6 5
3 95
10 38
9 45
4 89
2 19
9 30
3 73
4 46
1 28
3 78
8 25
6 8
8 92
10 31
9 29
7 0
3 58
10 50
10 5
9 44
1 94
6 85
6 33
7 41
3 76
8 73
2 45
2 94
5 78
5 73
1 60
4 73
9 2
7 93
7 99
10 99
6 21
6 84
2 78
4 96
7 45
4 70
2 82
7 83
9 18
10 53
4 41
8 6
10 4
1 78
6 66
8 62
7 17
7 63
2 58
8 39
8 23
1 77
3 18
7 97
4 51
5 78
5 0
2 96
7 13
8 75
3 0
7 92
6 95
3 24
3 10
10 47
5 16
8 40
9 42
2 4
5 10
7 37
10 92
6 35
10 80
8 2
8 61
6 4
5 87
5 64
3 57
1 6
5 79
7 47
9 89
10 15
1 35
7 50
5 47
5 62
1 29
1 12
5 60
5 65
7 35
8 89
4 23
1 38
3 50
6 14
8 14
7 96
6 9
5 22
4 67
6 0
3 22
7 65
5 30
9 68
4 10
9 14
4 12
3 51
10 62
4 76
1 4
10 65
4 48
10 73
4 34
4 14
7 10
8 75
6 81
7 54
7 84
5 76
7 15
5 78
9 11
2 51
1 0
7 33
9 48
3 52
10 41
4 83
9 82
7 77
3 55
10 30
8 46
3 29
7 45
5 89
1 7
2 54
10 86
2 66
4 28
1 20
10 73
2 26
9 52
3 42
5 62
1 58
6 41
5 1
9 93
7 30
2 85
4 17
6 12
10 100
9 63
3 45
9 8
6 74
4 30
9 59
8 79
8 84
9 83
1 34
3 11
3 58
9 91
5 20
9 40
5 10
2 9
1 52
7 9
5 53
6 19
3 7
4 67
9 0
5 78
1 67
1 40
8 97
2 92
6 73
9 14
4 16
7 77
1 33
10 85
5 47
5 9
8 79
2 16
6 23
9 49
7 47
7 85
6 29
10 7
8 17
7 97
5 39
6 88
6 9
10 97
9 29
5 0
7 73
8 96
10 15
10 92
10 90
2 98
7 44
9 90
2 85
9 17
4 70
5 15
1 36
9 74
6 35
1 37
10 42
5 25
9 98
3 3
7 61
1 49
2 70
3 99
5 37
6 22
7 70
9 61
2 16
3 33
3 26
5 47
10 0
6 92
2 89
9 62
9 65
6 91
10 75
1 53
5 86
8 51
8 65
8 66
10 0
8 76
5 15
6 18
7 4
10 84
8 22
9 90
9 43
8 100
5 83
7 72
6 3
8 81
3 7
7 33
5 16
6 99
5 9
1 32
10 58
4 8
6 58
2 38
10 40
2 82
6 23
10 38
3 75
2 70
1 92
1 67
3 55
7 43
10 22
3 42
4 100
3 67
8 86
10 93
4 43
9 87
2 80
10 99
4 24
7 41
2 37
2 7
8 83
3 67
2 58
2 93
4 50
8 88
9 44
6 12
2 52
6 76
5 77
7 79
1 75
10 21
8 8
9 88
4 50
2 4
9 49
8 86
9 70
2 53
5 10
2 7
8 6
6 78
3 73
10 92
5 7
4 90
6 58
7 42
9 67
4 33
10 56
10 39
8 61
7 63
6 3
9 25
2 38
8 23
7 50
6 10
7 90
9 53
7 58
7 11
9 83
7 88
7 21
4 51
8 100
7 89
8 70
8 90
1 7
5 82
2 54
5 81
4 17
2 95
3 24
2 48
10 43
1 56
8 25
5 77
9 60
5 51
1 27
8 69
10 34
2 29
1 24
2 92
8 85
2 8
10 45
7 29
6 19
7 18
5 100
6 20
10 82
5 18
8 90
1 91
7 42
7 13
1 1
3 88
2 100
7 86
4 73
7 99
7 68
10 14
2 90
1 99
9 23
4 84
4 63
2 87
9 42
1 71
4 37
1 71
3 4
7 9
4 37
5 89
7 35
10 53
6 88
10 58
8 25
7 6
3 57
10 15
7 19
10 67
7 52
3 34
8 91
9 15
5 91
1 30
3 9
5 90
3 74
1 52
7 99
1 97
10 30
4 97
2 80
1 56
5 23
10 89
4 82
4 27
8 81
7 60
1 98
2 97
9 18
9 2
8 42
5 35
4 91
7 67
10 43
5 63
5 8
3 32
10 62
3 12
5 19
3 31
10 55
5 41
4 35
9 17
9 86
5 64
9 76
3 8
1 25
6 39
1 17
7 41
8 45
10 98
5 14
3 8
2 42
1 24
1 6
8 95
8 61
7 13
1 50
9 44
3 47
8 68
2 24
3 77
5 22
4 100
10 85
3 26
5 4
10 73
5 12
8 11
9 54
6 38
1 85
6 49
1 47
8 54
8 29
4 50
4 76
10 53
7 2
2 73
7 58
5 37
3 51
10 24
10 84
7 29
6 8
1 5
2 27
10 2
9 54
9 18
5 73
7 77
6 98
7 64
7 71
4 40
10 32
4 82
10 85
5 30
7 42
8 70
8 84
5 37
4 34
8 46
6 91
1 97
10 93
2 19
2 69
2 41
7 23
1 6
5 10
5 80
7 44
6 43
6 34
8 65
8 81
1 99
8 57
6 100
10 28
7 72
3 86
9 51
1 57
9 6
8 53
8 45
2 31
2 0
6 67
9 14
2 55
8 43
8 80
9 99
1 95
3 65
2 70
5 16
10 77
2 71
7 1
9 20
10 41
2 38
10 79
8 52
5 47
10 72
4 29
3 69
5 76
2 54
7 16
6 52
2 47
5 17
6 42
4 19
6 91
2 46
10 45
7 16
8 66
4 85
5 11
3 3
8 16
2 54
6 59
9 63
3 56
7 19
10 66
5 6
6 43
5 43
4 52
7 18
6 65
9 96
7 55
3 22
1 75
5 60
5 19
5 84
7 14
6 71
10 51
6 30
1 100
5 5
8 84
4 81
1 8
5 71
1 54
9 16
8 99
5 84
7 55
6 90
7 76
8 92
4 59
6 59
1 4
3 94
3 17
8 36
1 21
4 27
2 13
2 16
10 51
4 83
2 92
10 10
8 49
10 72
4 8
8 69
9 68
4 87
10 99
4 51
2 85
5 96
3 26
8 25
9 84
6 38
8 33
7 23
10 10
2 13
3 32
4 40
1 46
1 53
4 92
4 67
7 45
7 48
5 23
6 62
4 45
4 95
3 35
4 44
4 29
7 69
5 48
4 82
9 86
4 43
2 65
6 13
8 12
5 73
2 30
7 36
9 71
9 71
3 65
7 15
1 65
9 68
6 74
6 53
5 85
3 75
8 52
10 7
10 8
2 82
8 90
6 41
6 100
2 46
2 16
3 32
3 39
8 66
4 14
9 33
10 2
8 39
4 15
6 54
1 92
2 74
4 65
7 68
5 7
8 70
8 12
7 43
8 77
5 86
9 89
6 7
4 76
2 74
7 9
2 40
5 0
1 35
4 85
5 54
10 54
8 43
2 6
10 28
4 4
4 16
3 16
5 94
4 84
7 91
5 75
3 28
2 56
9 38
6 57
2 39
1 93
9 75
2 75
7 97
6 36
9 72
2 32
10 3
6 57
4 55
4 2
1 82
6 49
10 94
4 67
2 39
6 88
3 39
2 6
9 66
8 20
9 56
10 66
8 74
3 12
2 24
2 77
4 69
8 92
1 83
8 87
10 84
10 13
6 84
2 57
10 10
3 61
8 83
4 47
5 56
5 22
5 31
2 12
3 92
10 16
4 41
3 12
9 92
3 5
6 93
3 65
1 56
5 34
4 64
8 90
7 45
8 85
7 53
1 26
4 32
2 56
2 14
9 77
3 24
4 25
4 35
4 1
3 85
8 75
2 74
1 5
9 49
6 94
3 16
9 14
2 3
4 4
6 30
9 71
5 59
5 94
8 66
7 13
3 84
5 85
1 46
3 68
4 57
3 51
5 23
3 93
9 80
2 70
10 89
7 42
10 11
3 32
5 26
7 4
1 46
2 29
2 25
7 61
8 31
4 60
6 81
6 79
7 70
1 93
3 48
4 69
10 16
6 55
3 44
3 59
9 79
3 42
5 13
2 49
8 48
9 68
1 83
9 63
9 66
1 75
6 7
2 100
2 30
2 74
6 4
10 80
10 60
7 5
3 4
10 3
9 57
10 81
3 18
3 84
6 55
3 58
7 44
1 90
3 20
8 23
3 13
7 71
4 75
1 29
6 3
10 81
5 8
2 9
9 94
8 20
7 16
3 71
1 77
3 41
4 5
3 95
4 61
5 18
1 18
4 63
6 74
10 3
3 62
8 86
6 10
5 16
5 33
6 68
2 92
3 42
5 37
4 90
10 79
6 72
2 3
9 40
4 76
7 42
3 40
9 38
1 75
10 97
8 40
7 65
10 3
10 100
10 66
4 99
4 10
9 100
1 18
9 91
9 23
5 12
9 44
4 65
2 92
6 99
10 82
8 76
1 60
9 53
1 94
4 92
1 30
4 31
5 28
2 27
5 88
3 54
7 49
10 77
9 15
7 96
1 100
1 59
8 12
10 41
4 99
6 31
1 88
10 92
8 72
1 82
2 2
1 0
2 13
10 35
5 43
9 60
7 30
1 64
8 84
5 34
1 81
9 1
4 15
5 52
4 89
4 35
5 23
8 14
5 96
2 25
5 28
1 36
1 44
10 94
10 0
2 24
5 95
10 93
6 85
5 10
9 12
2 47
3 0
10 32
9 54
1 9
1 13
5 99
8 20
7 40
8 38
6 9
8 53
2 25
9 48
3 2
1 51
9 100
6 89
6 26
7 61
1 49
6 93
4 59
5 65
2 67
3 19
2 52
8 46
7 60
2 83
7 15
10 73
2 44
7 54
10 75
5 30
5 80
10 24
5 94
9 5
7 59
1 43
2 55
10 1
1 79
7 40
9 76
10 14
2 33
1 40
10 55
9 57
4 45
4 72
2 70
8 33
4 11
5 25
1 34
7 61
8 40
8 49
6 43
5 25
2 10
1 91
2 7
6 15
6 99
7 49
9 67
4 20
6 20
1 77
8 0
2 78
2 73
9 72
7 83
3 44
6 92
2 12
3 72
10 52
4 33
4 64
1 53
7 98
8 24
8 47
6 27
4 20
8 67
7 76
4 79
10 40
7 59
7 40
1 3
1 81
1 30
4 59
8 58
1 72
9 34
9 32
8 0
10 59
5 4
4 81
2 96
5 86
6 31
2 48
1 48
8 8
9 44
1 65
10 72
9 100
2 89
9 34
6 81
9 89
9 2
7 6
3 20
10 61
1 26
5 67
10 99
6 36
3 65
4 16
8 18
8 77
6 79
4 69
7 43
8 40
3 18
3 90
2 86
2 49
8 50
7 15
7 85
10 78
7 78
10 62
8 4
8 88
1 78
7 26
3 49
5 16
8 8
10 21
9 97
9 86
9 73
8 39
3 47
10 5
2 20
2 12
1 59
7 10
8 41
9 15
3 53
5 86
1 84
6 75
3 46
2 35
8 78
10 19
6 86
9 24
8 63
9 78
5 53
7 67
10 22
6 35
4 8
2 12
3 13
2 24
3 49
3 67
9 3
3 63
1 89
9 57
7 84
10 80
10 51
9 71
10 13
10 71
8 6
6 27
9 15
10 34
1 24
9 42
3 67
5 68
2 100
3 60
6 47
6 17
1 19
3 46
2 94
2 27
9 41
10 56
1 32
3 24
3 65
6 29
1 65
7 13
2 27
2 98
10 31
10 20
4 3
3 45
10 40
5 91
10 0
1 61
6 67
4 16
1 71
6 41
6 42
5 46
8 48
10 3
4 84
9 19
8 61
4 31
6 26
5 59
5 80
6 65
9 18
6 77
7 40
5 81
7 81
1 73
6 32
6 84
5 14
2 32
7 13
9 53
2 87
7 6
1 5
4 24
6 7
10 44
6 57
3 51
4 92
1 49
8 78
9 9
1 11
8 54
2 2
6 3
2 86
8 95
9 68
5 56
5 10
3 14
5 66
6 29
5 77
3 47
5 59
6 21
6 40
5 46
4 48
1 5
8 86
4 58
7 3
3 31
7 44
9 63
3 84
5 62
4 2
2 75
4 82
2 86
3 86
4 88
2 84
9 43
5 97
3 42
2 52
2 23
8 19
6 16
10 42
7 13
4 4
6 45
2 41
5 39
2 49
5 73
2 39
4 58
2 67
9 7
3 96
7 99
10 13
9 74
4 34
5 85
1 2
1 23
4 80
9 97
6 86
8 14
1 90
2 30
6 47
2 84
5 65
10 20
4 92
4 85
9 52
2 44
10 16
4 46
9 37
7 69
10 19
2 27
6 75
9 2
4 80
6 29
1 76
3 45
2 67
6 75
4 0
5 41
10 71
5 70
7 42
7 57
5 26
10 24
9 47
8 0
6 42
5 23
2 11
2 46
10 70
10 80
7 88
2 81
6 17
6 38
8 44
7 91
5 82
1 91
6 96
5 42
6 57
10 65
3 71
5 27
5 3
3 58
5 39
6 27
5 50
10 94
7 69
9 48
10 43
6 55
2 15
1 67
9 68
3 52
9 8
1 48
5 40
8 93
9 59
3 31
2 69
9 47
6 27
6 64
5 24
3 90
8 86
9 30
1 1
4 90
3 46
3 94
1 14
8 90
10 36
2 53
5 81
7 69
1 60
10 52
4 64
5 79
3 69
9 97
9 28
10 5
7 53
10 58
6 4
9 45
10 78
5 70
9 2
5 78
10 80
7 65
6 34
2 7
1 30
1 92
1 18
6 58
9 4
8 66
5 34
5 47
1 5
5 82
10 28
1 72
7 64
9 2
10 54
6 72
4 64
4 54
4 13
1 19
3 89
8 48
10 58
4 73
6 63
8 42
9 20
8 7
5 60
6 20
7 42
10 74
8 84
3 52
10 97
8 57
1 36
8 74
3 79
1 29
1 85
3 29
4 84
4 25
4 31
2 28
4 32
2 99
1 58
8 92
10 39
4 60
1 26
8 38
7 97
10 42
3 4
2 17
10 76
9 45
2 69
3 18
4 67
9 34
4 80
6 58
8 66
8 98
2 29
4 99
5 0
7 32
1 64
1 19
8 4
2 69
1 21
3 62
6 9
2 53
9 88
3 76
2 49
3 47
3 11
6 11
2 90
3 86
9 75
5 65
5 55
6 86
5 98
5 42
2 59
6 53
6 63
5 83
5 64
3 22
6 45
1 24
3 49
1 88
3 11
3 34
1 62
7 62
3 29
9 39
8 20
8 1
7 3
8 55
5 20
5 58
3 68
1 95
2 22
2 53
10 99
9 82
2 58
3 78
3 8
10 89
10 10
4 94
6 36
1 58
5 52
4 58
2 78
3 64
6 6
4 25
5 72
1 61
1 12
7 78
9 98
5 20
7 64
2 9
8 86
5 93
1 74
7 16
2 70
1 72
9 29
4 76
3 89
7 40
8 43
3 67
10 77
2 59
1 11
8 78
2 25
6 90
9 36
1 4
3 74
8 86
9 96
9 90
9 12
5 27
9 46
10 47
9 43
2 56
3 96
9 31
2 70
1 11
10 55
2 58
1 5
7 23
7 93
5 69
10 52
5 70
8 13
1 93
7 33
3 19
2 49
8 54
6 10
7 8
6 58
3 90
5 99
3 94
4 97
1 64
3 89
7 27
8 52
2 13
5 30
7 17
3 99
1 39
5 33
6 7
5 25
8 72
7 54
10 13
1 89
6 77
6 20
1 62
3 61
6 99
2 64
2 11
6 40
10 19
9 82
5 67
5 15
4 89
8 14
7 20
10 42
2 36
2 80
1 85
8 33
9 49
8 92
2 3
7 20
9 90
1 60
8 73
8 24
4 25
3 51
9 37
3 39
2 10
3 59
5 69
9 75
4 44
5 88
1 68
6 12
1 35
9 70
9 3
8 40
9 85
7 17
6 89
5 39
8 65
5 61
10 20
3 48
4 47
10 100
7 43
9 47
6 60
3 49
8 7
10 23
8 63
6 11
5 98
8 37
7 78
8 57
6 99
2 29
4 31
8 7
8 53
10 9
2 73
9 67
10 50
3 11
3 87
8 79
9 98
10 17
1 29
10 8
7 21
1 30
9 23
2 57
6 22
9 3
7 42
9 12
10 79
5 55
9 21
10 51
9 2
9 14
7 55
3 51
1 68
9 59
2 98
6 91
5 86
6 61
2 11
7 57
8 0
4 6
3 65
10 78
9 35
6 58
7 12
3 54
2 58
4 75
8 46
2 56
10 80
3 14
8 55
8 95
8 23
5 29
9 94
7 38
10 15
6 88
8 99
10 8
9 87
1 88
5 87
4 60
3 9
10 37
9 43
9 16
1 46
4 45
6 71
9 96
2 73
1 8
9 12
2 19
4 99
6 90
9 44
6 35
1 40
4 90
9 67
2 24
8 46
3 53
3 24
3 34
9 53
8 3
5 47
6 30
4 80
2 41
8 78
1 80
1 3
7 97
9 64
2 27
8 44
3 28
2 15
5 49
4 3
10 84
10 68
1 40
2 73
3 72
5 15
4 95
2 19
4 64
9 42
1 44
6 36
6 82
7 83
2 68
1 61
8 48
2 28
1 63
8 93
6 82
3 12
3 12
10 76
1 79
4 1
8 39
1 73
4 94
1 12
10 56
8 97
9 2
9 39
8 81
6 17
1 75
3 35
4 12
7 46
3 87
7 52
9 4
8 59
1 54
1 77
3 80
6 22
6 70
10 48
1 3
5 53
8 71
4 0
8 76
3 68
4 41
2 40
3 40
2 99
2 100
4 91
2 95
2 52
9 57
8 16
5 73
8 14
1 93
7 22
2 84
3 56
3 43
9 54
3 54
4 83
7 86
6 77
7 2
1 60
3 1
7 59
8 6
10 39
6 49
4 20
4 45
1 97
2 21
4 91
1 95
6 0
1 91
8 19
9 56
8 95
5 68
6 82
3 79
7 62
5 16
10 19
2 57
3 33
9 42
8 51
3 38
7 19
4 8
3 18
10 20
7 16
8 93
8 78
3 46
1 97
6 54
6 22
2 21
8 23
1 9
10 46
6 65
9 83
1 71
10 51
10 90
6 50
4 84
8 34
4 4
6 12
9 61
2 64
8 95
9 77
1 80
5 40
2 75
9 71
7 75
2 70
7 59
10 15
6 19
2 24
1 15
5 34
3 88
3 95
4 79
7 90
1 41
3 39
5 100
1 90
2 55
7 3
10 64
5 21
6 1
6 80
8 66
6 39
2 65
1 41
8 91
6 10
8 34
9 60
3 2
3 78
7 46
2 100
3 86
2 1
1 42
2 99
9 60
1 95
7 1
6 97
3 27
5 7
1 76
2 92
2 11
10 79
9 23
5 0
4 23
8 54
6 16
9 94
5 44
3 22
8 84
3 68
7 54
1 70
5 52
5 14
10 84
5 89
10 10
8 92
8 62
8 12
1 9
7 19
6 4
10 87
9 11
2 29
7 46
10 82
8 91
10 8
7 59
6 72
3 66
8 97
3 93
4 60
2 71
1 21
9 74
8 100
7 86
2 47
3 10
2 11
7 67
8 2
1 11
2 40
2 46
8 59
10 16
7 17
6 82
10 47
10 55
7 73
3 63
1 36
2 20
1 21
9 36
10 10
4 92
6 32
6 12
1 92
1 91
2 95
10 76
3 28
6 49
8 33
7 25
1 72
10 36
7 10
1 86
2 18
5 81
1 57
7 83
4 93
7 86
9 91
4 84
6 72
9 42
3 21
9 90
6 95
3 74
6 59
10 66
7 7
4 83
7 61
9 30
2 24
3 29
3 68
8 85
8 5
4 48
2 43
6 41
3 98
6 33
8 83
10 40
5 41
3 15
8 14
2 43
6 31
7 9
1 74
1 28
6 96
3 77
5 51
8 50
10 31
3 97
8 77
1 31
9 7
1 17
2 18
3 31
1 9
5 39
7 47
2 83
6 5
5 48
10 3
9 12
8 60
3 57
1 5
8 28
7 28
4 83
6 87
3 59
1 87
1 6
2 31
6 69
3 28
8 55
5 93
7 35
1 23
9 5
4 29
5 92
3 17
4 32
3 24
9 82
10 91
9 27
3 17
10 58
2 85
8 51
7 51
6 88
7 43
2 93
3 37
2 87
8 7
10 69
7 69
1 33
7 15
6 39
1 52
7 10
3 87
1 33
9 42
2 92
7 19
1 16
8 38
6 0
4 83
1 16
7 30
7 60
1 59
1 40
8 48
9 32
6 31
6 100
7 58
10 90
8 1
1 71
6 14
2 42
8 38
4 85
2 92
6 32
10 8
7 44
4 77
8 62
2 21
8 21
2 84
2 55
7 4
7 41
10 60
3 34
3 55
4 91
1 48
2 9
1 4
6 8
6 56
7 5
7 22
8 28
1 60
4 70
9 17
6 62
6 72
6 61
3 48
8 0
5 89
3 5
3 53
6 22
5 36
10 85
4 4
4 55
8 93
2 71
1 88
4 52
7 0
1 31
8 79
1 13
6 91
4 70
6 3
8 88
4 0
4 2
3 85
9 43
4 96
2 83
3 34
8 70
7 37
10 26
4 14
1 100
2 60
5 68
8 6
6 76
5 21
4 11
1 46
2 39
5 63
4 63
4 49
5 29
1 45
10 99
9 65
1 91
8 17
7 3
9 22
1 7
4 19
1 79
7 26
6 20
9 66
7 45
9 65
8 97
3 55
3 33
8 89
4 58
9 41
9 90
5 16
4 100
3 14
9 33
9 96
3 77
5 0
7 3
8 40
1 81
5 89
4 44
3 67
8 21
3 56
5 32
3 31
1 63
2 66
9 45
3 9
8 79
7 2
1 44
2 3
1 44
5 85
5 18
9 67
7 22
3 94
9 96
3 53
1 5
7 40
9 26
1 77
6 82
9 100
3 72
5 48
2 41
9 12
3 79
5 100
7 50
4 86
10 3
6 80
8 11
10 42
8 97
9 66
1 68
3 45
7 61
6 82
5 77
6 90
4 67
4 95
4 44
6 30
2 63
7 41
2 98
9 94
5 33
4 20
6 93
10 86
9 75
3 15
10 82
1 57
4 20
7 11
5 76
8 45
3 15
8 95
9 87
7 87
3 24
6 34
7 48
5 9
6 17
7 49
5 78
9 53
8 5
6 64
10 30
8 59
7 50
2 62
10 96
8 45
4 53
3 49
7 86
1 71
6 79
1 11
1 56
1 63
2 4
7 71
2 100
7 40
4 100
1 11
7 30
2 90
3 17
4 73
8 82
4 27
4 15
9 63
9 82
6 57
6 17
4 15
7 86
2 6
7 57
6 69
10 21
7 33
8 15
1 29
9 5
6 11
6 56
1 71
4 64
9 90
8 89
7 36
1 56
9 71
1 32
1 100
4 2
3 56
4 86
10 86
2 46
4 14
8 44
3 64
4 10
6 98
5 62
3 33
5 75
9 8
2 82
4 17
7 88
5 85
9 23
3 18
6 79
8 97
2 7
7 39
4 86
5 0
9 98
1 66
2 81
2 42
10 27
5 21
10 93
8 59
7 65
7 44
4 12
6 40
1 2
6 10
7 63
8 45
6 49
3 79
10 18
4 14
3 83
5 3
7 27
9 7
1 44
3 50
2 63
1 85
1 60
2 53
1 13
6 48
7 87
1 66
4 40
1 63
8 4
10 97
7 40
5 99
4 29
1 75
6 3
3 56
7 19
4 8
10 30
6 85
6 10
2 83
3 38
10 51
7 52
8 30
8 68
8 22
1 75
2 61
2 18
4 76
6 14
1 46
3 90
6 11
6 66
1 61
5 23
6 71
7 100
3 58
2 13
3 21
6 100
2 50
7 81
2 76
2 32
5 46
4 46
3 31
8 39
1 99
10 3
7 80
2 67
3 86
1 0
2 22
1 97
9 85
6 99
3 89
10 63
7 87
2 85
2 36
4 22
3 37
4 51
1 33
1 7
10 74
5 24
6 12
7 7
9 16
5 98
6 79
10 10
9 98
2 41
10 88
6 97
5 68
4 56
9 27
1 11
1 38
9 76
7 3
4 97
5 47
8 31
3 69
3 55
4 44
4 64
4 74
1 52
5 54
8 56
7 7
2 38
1 67
9 29
7 97
10 68
5 97
9 14
6 90
6 44
2 11
1 75
6 51
8 93
6 45
3 31
6 65
2 1
5 19
9 71
1 4
1 37
10 82
10 60
9 16
6 16
5 97
10 51
10 89
7 90
7 26
2 28
4 56
2 15
5 9
6 90
8 97
1 95
6 89
7 89
1 89
7 78
6 50
8 37
10 30
4 39
9 100
4 97
1 14
6 79
7 33
2 60
8 72
3 82
6 46
6 84
9 97
3 74
9 32
7 18
2 71
4 26
6 39
4 25
9 71
10 44
7 39
9 3
8 99
5 97
5 56
7 56
1 58
9 30
8 66
10 19
5 20
4 78
5 33
5 17
6 51
1 93
1 19
5 82
2 56
7 1
4 91
2 23
10 49
3 39
7 34
4 55
1 2
3 20
5 91
9 35
7 89
10 89
7 80
3 40
7 7
3 85
7 79
3 18
9 37
5 42
2 15
2 95
6 79
5 90
4 49
7 30
8 87
10 25
4 94
10 77
1 41
5 59
3 62
4 96
3 93
3 28
3 57
4 71
7 70
4 48
2 95
8 60
8 48
4 91
3 0
6 57
10 29
4 24
3 5
1 49
1 94
7 58
10 6
5 76
7 100
2 15
2 36
5 89
4 33
9 91
8 77
3 69
6 0
7 44
8 94
7 67
4 86
9 65
9 33
5 77
8 49
9 99
7 49
1 82
5 65
2 84
3 79
1 82
1 33
3 47
6 38
9 98
2 72
8 2
8 100
3 66
4 85
4 13
3 24
5 6
7 13
1 47
5 100
8 34
2 91
4 22
6 8
9 58
3 16
4 83
5 67
7 72
10 6
3 13
3 59
7 3
3 14
5 57
1 23
3 31
10 80
4 96
10 85
8 56
7 48
9 84
10 64
5 1
2 97
2 39
9 55
9 15
4 34
1 65
9 68
9 24
1 6
2 91
10 44
7 23
7 4
2 82
9 5
10 81
1 62
5 0
7 13
8 32
4 81
9 1
2 86
10 40
8 11
3 21
6 72
1 2
2 90
2 90
5 48
8 25
2 81
4 33
3 93
10 5
10 0
8 13
1 3
4 68
8 54
5 13
4 36
7 91
9 69
10 1
3 78
5 50
9 78
10 85
1 10
8 20
10 65
8 28
5 92
10 54
6 22
6 78
6 59
10 11
9 12
4 35
4 14
2 60
7 90
10 78
10 24
9 47
1 16
2 7
9 56
7 78
6 57
7 26
5 66
5 56
1 51
10 42
1 22
8 54
10 73
4 80
9 48
7 48
10 74
10 37
7 25
2 61
1 6
1 54
2 66
7 67
1 14
10 27
3 56
6 4
2 15
5 16
9 59
4 15
1 14
10 11
9 1
4 40
2 72
1 80
2 75
8 16
10 58
1 1
8 28
2 65
2 8
4 51
2 94
7 18
7 34
10 63
7 3
8 9
9 8
10 1
9 46
2 99
1 61
5 88
4 37
1 22
9 20
8 5
8 92
4 29
5 89
7 43
8 11
3 2
10 40
9 18
10 40
3 60
5 57
5 68
9 68
7 65
7 35
4 86
8 25
10 12
4 36
9 62
3 21
8 31
5 24
6 86
2 14
3 98
8 83
10 35
5 56
9 41
9 64
1 99
9 67
5 38
8 49
7 63
4 42
8 29
3 17
1 44
2 60
8 67
4 64
3 13
10 56
8 42
5 43
1 3
5 22
5 84
9 38
1 84
3 22
6 18
2 89
10 9
9 12
1 11
10 27
3 87
2 99
10 20
7 12
1 73
4 54
3 9
5 35
6 36
5 89
9 67
6 31
4 28
6 2
8 90
6 88
3 11
3 46
10 24
4 100
9 46
1 41
6 26
10 86
2 83
9 61
4 39
3 3
1 90
3 1
2 100
7 13
6 55
5 22
8 87
9 56
7 54
4 40
4 97
9 8
1 33
2 98
7 37
9 48
9 31
10 12
9 20
9 72
7 42
10 51
3 47
4 38
10 52
2 0
8 14
6 63
3 83
2 16
7 9
9 97
5 44
1 64
6 61
6 6
2 63
4 94
2 82
1 14
1 37
8 99
1 99
4 35
4 63
3 10
8 67
8 54
2 63
2 10
10 68
3 45
6 41
8 72
3 13
7 54
4 5
8 86
6 31
1 55
5 78
2 53
6 0
10 18
7 84
5 60
7 0
2 13
10 74
1 70
8 81
2 4
8 81
6 71
4 67
4 92
9 74
1 24
4 5
2 86
6 12
5 29
7 80
6 77
10 50
3 98
8 48
10 19
3 3
6 100
5 55
10 55
6 63
7 45
6 48
3 76
1 18
10 61
9 69
6 88
4 17
3 7
7 80
4 100
1 3
4 28
9 22
7 18
2 91
2 23
10 14
10 33
4 57
7 88
2 29
8 55
10 31
4 97
1 84
6 90
8 63
7 76
1 17
3 63
6 11
4 13
7 28
3 61
4 66
10 90
4 71
5 61
3 83
7 19
10 33
3 91
4 26
7 12
1 7
10 82
4 32
7 18
10 0
1 36
1 74
3 81
7 41
3 32
9 55
4 94
8 69
10 63
6 100
9 75
3 84
2 72
4 87
7 26
3 23
8 14
6 86
6 17
3 6
8 61
10 47
9 56
2 10
8 80
9 17
5 1
10 9
4 51
5 17
7 30
3 56
5 5
9 20
10 21
5 54
7 99
4 83
4 19
6 35
2 25
7 59
1 77
7 68
8 51
10 64
6 19
4 73
9 66
6 49
1 17
6 38
9 25
10 27
7 24
4 30
1 54
5 4
1 45
4 92
2 53
5 7
5 59
4 45
5 78
3 19
1 83
7 91
4 88
3 67
1 47
8 31
2 73
3 93
2 51
10 59
2 12
2 56
10 33
6 8
10 59
3 23
1 57
2 14
2 21
7 28
8 92
7 41
9 11
9 71
10 46
9 18
6 21
8 87
1 38
1 26
5 68
2 75
2 38
6 85
10 33
8 40
4 83
8 83
10 100
9 75
2 51
2 53
1 63
2 57
9 11
4 18
7 31
2 80
10 8
1 75
3 49
9 47
1 69
7 15
3 51
6 71
4 35
1 94
1 70
4 31
6 28
4 94
10 79
1 85
7 46
2 71
9 98
9 7
5 41
6 11
2 84
1 80
7 61
5 13
8 61
1 12
8 4
7 93
7 87
8 36
2 67
4 57
8 96
3 0
5 8
3 27
3 31
5 45
9 38
1 74
8 80
10 100
1 57
7 78
6 52
10 66
9 86
7 11
9 19
8 23
5 58
2 55
4 26
10 42
3 62
6 16
8 43
3 78
10 73
2 2
5 55
6 37
4 46
7 90
5 7
10 82
5 19
7 37
9 9
6 6
6 72
3 96
10 19
3 23
4 3
3 79
3 100
6 49
8 24
1 63
8 20
9 93
7 75
10 42
8 13
8 14
1 59
3 97
5 71
6 65
4 12
6 89
5 13
8 13
5 90
2 25
2 79
7 71
7 37
7 62
3 51
5 98
6 15
9 78
1 24
5 65
3 28
6 89
7 18
9 93
7 41
2 59
3 97
1 100
8 86
4 83
9 1
9 45
2 76
10 37
3 0
2 19
1 69
3 87
8 53
1 96
2 54
5 86
10 56
1 27
2 78
5 97
8 81
8 30
7 57
10 96
1 19
9 48
1 58
3 50
1 18
10 71
10 43
6 88
5 97
8 86
9 97
10 16
7 62
2 71
6 73
3 47
4 70
2 4
3 75
5 99
9 14
6 5
5 7
4 61
8 49
10 89
4 85
6 65
1 52
6 63
7 98
7 74
8 20
2 70
4 80
5 58
2 85
4 44
9 16
6 35
9 64
10 70
3 19
6 94
10 42
8 22
10 83
10 67
3 58
5 60
6 50
9 57
1 60
2 68
5 2
6 24
5 75
1 33
3 8
2 79
10 80
2 87
8 64
4 24
5 10
6 25
4 23
9 10
4 10
9 31
6 41
4 63
7 9
9 81
1 87
8 33
9 16
6 81
2 17
1 76
9 29
8 96
7 68
9 95
7 87
3 12
8 9
6 88
6 72
6 60
9 91
10 63
9 17
2 90
9 39
8 99
5 8
4 85
8 83
2 68
6 86
9 4
1 28
10 37
8 95
8 75
7 69
1 39
7 22
8 11
9 26
4 87
9 94
7 13
6 93
9 36
9 77
9 61
2 74
8 57
2 12
10 56
3 84
1 77
7 59
1 95
3 62
7 65
5 99
6 23
3 24
3 10
3 83
2 97
10 84
2 92
2 33
7 17
8 5
2 2
7 58
5 96
3 13
10 49
3 38
1 22
8 24
4 34
9 48
8 76
1 64
5 1
8 78
8 61
10 45
7 38
9 47
10 81
5 47
1 26
1 36
4 12
5 6
9 92
6 84
3 87
3 58
9 65
10 86
5 8
3 58
10 40
8 71
6 60
2 18
5 69
8 54
9 45
4 97
1 39
3 30
5 60
9 62
2 0
1 97
7 28
10 4
7 65
7 64
9 90
10 79
4 58
8 95
1 49
8 59
8 53
2 82
9 70
6 61
8 45
2 26
10 53
9 91
1 65
3 87
1 39
9 49
5 65
3 28
7 52
6 94
7 89
9 77
10 49
7 20
6 50
9 18
10 20
5 54
8 97
3 79
4 74
6 65
2 95
5 67
4 29
6 66
9 18
7 54
10 33
2 83
1 2
7 93
2 85
2 49
9 25
4 93
7 91
7 60
7 86
4 21
1 98
2 16
10 3
7 9
4 80
6 11
2 61
2 78
7 53
4 67
4 69
1 19
8 30
5 66
3 77
10 83
4 41
2 76
7 99
5 78
6 21
3 47
4 46
9 39
6 92
9 61
1 56
4 84
10 20
5 95
6 34
6 77
9 44
9 43
3 73
6 57
4 97
8 58
2 12
9 19
6 6
2 56
2 87
8 18
4 93
6 87
7 44
7 64
2 60
4 78
9 2
7 53
10 51
9 35
7 11
1 78
1 18
5 56
3 8
7 3
5 19
3 2
10 37
4 47
3 25
8 0
2 18
10 78
10 45
4 54
2 33
10 42
7 48
3 40
8 86
1 17
1 55
7 96
8 15
9 71
4 70
9 79
8 1
1 7
1 26
5 24
3 100
5 23
2 29
6 77
6 35
5 66
2 50
2 23
7 62
7 20
3 47
6 24
6 13
3 95
1 50
5 42
10 5
5 24
6 16
2 92
5 61
4 41
4 9
1 44
1 15
8 20
1 5
2 58
7 100
3 71
3 41
6 29
5 12
6 28
2 72
9 72
8 7
9 87
2 92
4 54
4 69
4 22
2 91
4 77
2 96
9 28
9 61
6 17
7 32
3 12
1 76
5 78
4 3
4 90
1 93
4 19
2 72
6 10
4 36
4 95
6 43
2 17
3 70
4 57
4 65
8 92
10 32
2 78
10 83
4 76
4 16
6 55
4 28
6 52
3 26
6 49
8 75
4 75
9 23
10 22
4 16
3 9
4 48
7 89
6 39
1 98
7 20
8 48
3 41
4 75
8 54
2 58
6 83
5 27
4 66
2 90
5 49
3 90
