100
3 6000000 11000000 26000000
3 1 10 11
2 39495281 97375220
2 12382133 79719791
3 27138753 80621069 80621069
2 93268041 44463204
2 38232812 88802242
2 16226586 92315906
2 19273387 99074877
2 63421017 20881939
3 99995245 99995245 46468258
3 75339925 32486682 32486682
2 8910387 8376864
3 46963916 72556824 46963916
3 39502415 36405221 36405221
3 8413133 8413133 7378507
2 17705064 13832319
2 53123471 27991522
2 6744316 3998179
3 13539793 13539793 24619699
2 37519877 71558736
3 15197354 15197354 22038079
2 74407971 24802657
3 17889708 17889708 35779416
3 54711867 7815981 54711867
2 46257006 92514012
3 25849203 77547609 77547609
3 22350710 22350710 67052130
3 21374632 21374632 64123896
3 97594708 97594708 48797354
2 18927872 56783616
3 31378403 94135209 31378403
3 24019375 48038750 24019375
3 50123844 33415896 50123844
3 85720416 83041653 83041653
3 45531590 22765795 22765795
2 94892544 71169408
2 21266598 31899897
2 90800575 72640460
2 68678436 80124842
2 48890606 73335909
3 88481092 92328096 88481092
3 3739 995 996
3 51193 51194 2588
3 264749 2588 3612
3 26572339 53437999 21619699
3 53117742 97126392 22153349
3 3154215 927640 4341440
3 27508563 8852419 1398128
3 31028827 64286347 3650647
3 835599 952794 18745399
3 47580786 36000030 31685478
3 53455196 44831900 22987850
3 17920488 7392336 34305396
3 915229 1622504 360239
3 12717122 17847246 5688676
3 14221252 16018432 68825182
3 3546699 36465100 68211997
3 10800972 19645724 21920654
3 29303322 24397062 3267552
3 18651389 34681861 36715369
3 63113726 5195908 39527925
3 51321909 8747263 41391763
3 1005090 6577890 10161978
3 18470663 17595993 3402146
3 49684673 11458953 78549321
3 26411173 17840293 640933
3 26945076 34980958 52513473
3 20303013 81079409 55938857
3 34585068 8823696 31050355
3 13829472 10432368 19584684
3 1115584 5334928 2826736
3 26596062 62377800 49683285
3 11154550 12056458 22699211
3 84816380 68297240 42016172
3 38073096 85689396 23389326
3 89013913 49737823 306763
3 35531275 31085928 13273039
3 10561090 1623846 3411102
3 38622505 23998027 3042706
3 16345301 3610841 11471021
3 6357667 16124009 40566711
3 50191888 23054188 42209278
3 3063475 25990825 91254750
3 5088705 2371425 4091649
3 28293342 64026270 88187022
3 58928779 29791275 9130283
3 54595878 42415004 23132006
3 3034386 16417886 25589386
3 24007667 63643891 994579
3 6574494 4013429 3374895
3 7877812 4369836 16566428
3 536899 8921749 19874299
3 11525538 21225228 29887068
3 3427037 262614 2038586
3 17282420 37285172 35072324
3 4000892 7407008 7447342
3 1079092 10286853 9486691
3 77068504 71522404 24214171
3 52035317 7180611 28617962
