100
3 26000000 6000000 11000000
3 1 11 10
3 98781934 842582 98781934
2 40970866 93733220
2 22001815 84393174
2 6883060 267164
2 29444054 67901887
2 38483988 86111988
2 71126321 27483949
2 57857637 24335877
2 10674606 25752147
3 41471979 83447727 41471979
3 14932052 24516829 14932052
2 47437439 54483198
2 15028402 20628754
2 14903173 16797939
2 2807885 3283003
2 41657533 82100278
2 15882139 24062319
3 26768887 44758832 44758832
3 5467467 5467467 7261758
3 6821192 9669798 9669798
3 8579312 94372432 94372432
2 4139704 33117632
3 18082838 72331352 18082838
3 48825928 48825928 24412964
3 90769401 30256467 30256467
2 36830780 73661560
2 20802314 10401157
2 82158870 41079435
2 45700930 91401860
3 23554236 94216944 23554236
2 91217136 79814994
3 31128978 31128978 25940815
3 4662056 4662056 9324112
2 81928700 98314440
3 98060746 91056407 91056407
3 46528820 69793230 46528820
2 89317865 71454292
3 51807855 51807855 52749816
3 39968901 39968901 39334474
2 10391730 5195865
3 7409 7410 9851
3 9018 50471 50472
3 256597 9018 10042
3 21194721 41747343 6302798
3 27823825 14030031 42891262
3 6416444 30196046 17910344
3 24759795 3268227 71305907
3 2105381 24314633 23601401
3 66094344 68959500 73835604
3 34981460 3432058 74358506
3 59922813 88688781 12691587
3 52853951 1080170 36345743
3 17419563 5067117 11088522
3 10198932 12945040 12118694
3 8522061 9617349 22137423
3 265781 49624069 30611369
3 14576281 19597369 2049577
3 29089457 9643393 992073
3 37979848 61916768 7152192
3 5571650 6538105 20738130
3 27820652 19789102 6871342
3 8104170 42399300 81802025
3 54729290 26273478 81848921
3 6400147 46901597 771722
3 17033039 56574239 44416114
3 39344070 25201656 10000938
3 53023129 54185864 38877914
3 38026869 9683400 28308853
3 6363285 3413325 5795835
3 467031 8556379 29513061
3 4071484 2863278 80682
3 29975456 2844686 9173738
3 10795182 76219030 26624634
3 15269289 6183415 6875218
3 32198248 49015412 10766201
3 8941677 40916856 38777541
3 82127995 49088835 11217477
3 11492855 15163215 5647085
3 23376 1328476 3861796
3 1430624 36132864 47094880
3 10452764 25678384 31746484
3 4251539 2387613 7943749
3 17462357 73783105 46460656
3 14979600 21673680 39152160
3 83105345 45254920 4492264
3 17249316 39974760 27112680
3 11591447 875903 2124707
3 27904450 45174465 12596500
3 11434990 33086970 22358420
3 10895563 14063903 44764153
3 66880456 40816852 23581356
3 5584492 62272428 25974523
3 28328904 3051814 15385040
3 180531 3719781 14682031
3 1122000 7062600 9823800
3 18994290 12616138 6533892
3 31113408 27257856 8826300
3 39433918 27530038 14401266
