100
3 6000000 26000000 11000000
3 11 1 10
2 41726057 86089992
2 96292266 30304673
2 15237017 39668020
3 70502471 14895399 70502471
2 19195534 93753581
3 12267527 58333891 58333891
3 57661143 17467029 57661143
2 46294178 3097957
2 98524745 40792240
3 33828379 9443741 9443741
3 26763961 30323607 26763961
2 43633818 44301451
3 23032568 21009692 23032568
3 2324043 1333592 2324043
3 14369813 14369813 22630509
2 41119872 80449651
2 40644507 57073507
3 27131098 43163060 43163060
3 8957036 8330015 8330015
2 18063776 10727643
2 49779324 99558648
2 10555945 84447560
2 37589060 75178120
2 73689303 24563101
3 94649572 94649572 47324786
3 94269960 31423320 31423320
3 30325344 15162672 15162672
2 21431308 64293924
3 4899312 83288304 4899312
3 74764104 74764104 37382052
3 18230350 27345525 27345525
2 50620544 63275680
2 26730177 17820118
2 29528642 28186431
2 21141144 10570572
3 65652498 72947220 65652498
2 27516783 18344522
2 6012627 12025254
2 2511600 2523675
3 73698507 81887230 81887230
3 1299 4289 1300
3 50515 4030 50516
3 5054 376015 4030
3 67350345 11826369 47865109
3 52065492 99210912 84223032
3 30557388 23860503 7559964
3 688159 1843058 3319052
3 39516724 38969198 8819008
3 4412893 1058569 7963603
3 166149 59653 39493
3 5435675 53732507 31326875
3 2772382 2862514 4481758
3 15503032 62583028 91754592
3 3231887 4712137 781137
3 37797946 50954490 348570
3 33330674 63703960 7965066
3 46225364 18394800 28816446
3 16939785 30966399 3929937
3 8636220 79481643 45246486
3 6196714 21621110 10475229
3 56471341 3753885 5321643
3 39120076 26832828 57103244
3 2764592 4456304 1260800
3 48864424 23597896 91867720
3 38539043 59065703 56352511
3 25751529 13453377 681429
3 2616121 6564541 6204391
3 443515 10385195 5620715
3 39166298 75120556 24547398
3 80448899 62699015 35439905
3 25931787 15484317 24477
3 93373020 25796016 31649022
3 11126164 27654676 19577040
3 24311450 30001056 35230746
3 29706333 12878268 49057062
3 72888961 32295352 22503451
3 7489384 29934952 23631878
3 15800324 31776999 21010399
3 32911398 14274798 41457012
3 38673052 12685496 38838742
3 16569360 31085533 76492377
3 2063232 16356816 6680880
3 29221105 16333029 4859153
3 23434240 67753331 71286775
3 14140338 7981604 206547
3 35285928 29856626 15734636
3 30371032 43562692 1662646
3 2545974 36579612 36301807
3 14998788 35073536 29552868
3 17318724 59269269 64085444
3 14869327 31382347 41003599
3 48535218 23642948 60359831
3 18897986 4368567 36604067
3 64419953 77682001 32776913
3 22080319 27763387 135799
3 11044263 32227662 4475550
3 21003780 2651502 44855904
3 28142072 47770782 49584818
