100
3 26000000 6000000 11000000
3 10 1 11
2 43585405 95336099
2 12784184 48337078
3 6219583 72565204 72565204
2 85651073 41240626
3 5199207 5199207 97590296
2 31984886 9469820
2 28153890 78806120
3 2026329 2026329 20562516
3 21778065 71447070 21778065
2 14142457 31708578
2 45817360 31441314
2 41733305 30903103
3 7801238 7801238 4631191
2 47526920 65301131
2 47666191 30937423
3 24733505 24733505 36049490
2 5536247 9719519
3 35409691 55456621 35409691
3 14380921 14380921 12942943
2 8178398 15254801
2 30627076 61254152
2 70097642 35048821
3 4669729 4669729 60706477
2 44617741 89235482
3 16323054 32646108 16323054
2 14632554 58530216
3 14200077 14200077 42600231
3 28774460 100610 28774460
2 2848406 51271308
3 44792178 14930726 44792178
2 10423568 11726514
3 13025794 26051588 26051588
3 94151856 94151856 86305868
3 49216140 49216140 24608070
2 75938580 94923225
3 11097828 9248190 9248190
3 46768839 31179226 46768839
2 98285874 95395113
2 53998528 67498160
3 46833100 46833100 44368200
3 1324 4112 1323
3 54205 54204 9929
3 10953 303480 9929
3 749952 3104003 3562174
3 75872914 52387534 33632308
3 2194522 118657 990748
3 1827086 755726 2024051
3 49320900 35332200 48049200
3 15074634 1063572 21784290
3 2560768 29078705 61538148
3 10499760 43005600 31639680
3 16357128 4706138 36107118
3 21821351 26031588 239273
3 11539870 59576335 83418580
3 77060025 82425357 91290591
3 933153 3376682 1932481
3 3348661 10461693 5357814
3 149552 1718405 563147
3 14325459 37637345 19651962
3 44396155 15710314 71275804
3 1201104 44765502 21822078
3 22422592 73152552 47279092
3 18850760 6154410 28888600
3 56200493 22102861 44271890
3 11997780 26149560 38487672
3 1348819 18465014 60525819
3 9254076 5659743 3024505
3 57875070 24398521 82920383
3 91041280 47184896 10323456
3 8607684 5560742 14198081
3 14098546 52134306 18049682
3 5119585 35738767 2497858
3 11347701 2040053 4098149
3 10921729 5101851 26541389
3 14727793 39695875 458183
3 23834801 3037268 53402183
3 3926748 15184348 35472654
3 31453605 55185225 23806165
3 45817002 66041514 37767114
3 82942444 80127832 6529291
3 2174826 2029026 4740186
3 2772 1099452 4365442
3 19105280 25444696 8586568
3 15049001 13842093 3555036
3 61619140 28166238 50543456
3 3513825 54788898 57077904
3 5183423 4225823 2998898
3 33189366 75793324 6618000
3 2496133 62289433 31405719
3 29269825 45442177 14279381
3 44193783 71575248 23731500
3 32723403 97654284 5193645
3 24044241 19093197 47792469
3 63013016 16882564 36872592
3 24327758 17923570 32391037
3 62267492 40472492 18619372
3 49099586 16123263 57659118
3 57244731 16013776 47500422
