100
3 11000000 6000000 26000000
3 11 10 1
2 25564255 53556153
3 7717488 77484131 77484131
2 74404783 28667833
3 21162287 21162287 64014043
3 87137520 87137520 31014339
3 3278150 3278150 30386316
3 58078773 12758887 58078773
3 99243159 99243159 48305163
3 94683355 4238255 4238255
2 81085839 33197617
3 9646116 9646116 13759435
3 5140378 7233650 7233650
2 32341822 39832250
2 43565277 72696462
2 52920389 30701922
2 29838588 42629501
3 80556255 48055117 80556255
3 53942390 28287936 53942390
3 25571490 34360271 34360271
3 49526735 49526735 32435025
3 3891809 46701708 46701708
2 72328868 36164434
3 87748592 87748592 10968574
3 67553050 13510610 67553050
2 35658250 17829125
3 93004830 6200322 93004830
3 55458084 13864521 13864521
2 33608428 67216856
2 37766812 75533624
3 91568360 91568360 45784180
2 34983172 52474758
3 39479280 39479280 36189340
2 27501409 25385916
3 35916688 26937516 26937516
2 46172727 47764890
2 68660514 91547352
2 93933360 78277800
2 69275955 92367940
3 34390792 34390792 38689641
3 58987302 39324868 39324868
3 4844 4843 7740
3 50722 50721 9679
3 9679 10703 293552
3 3294186 584332 66010
3 49629318 24830022 17561616
3 679822 4186262 2286434
3 37025880 54487220 12012140
3 279389 1259029 805157
3 13010979 2611993 21115101
3 12622455 44210648 22916548
3 1320943 20661592 10542856
3 26826089 14327414 2593964
3 27370434 10794790 6174992
3 1758241 18713194 52066464
3 19315056 45032168 37019128
3 21899504 6714290 11833760
3 25886714 46796762 21361218
3 24647224 13862254 1269130
3 3709857 43086501 63108093
3 61287650 31230840 83758420
3 15157572 12104676 6744408
3 40271400 32011200 24312600
3 23448413 12750045 31666160
3 706368 26505133 52915802
3 55903202 95903790 2868376
3 29942094 52286739 18199356
3 83914145 21369389 49322828
3 394485 144302 78037
3 2071954 52545286 7571602
3 41394636 9121716 63316860
3 2817752 56409112 33440528
3 11052614 4766052 3528196
3 3042410 3657101 2295556
3 8129 2983544 5616149
3 33449252 4450056 18994960
3 25570384 60742965 70488148
3 35556100 69560700 98868000
3 19248074 2989709 40493479
3 10397817 11809149 917723
3 56653566 17873568 78286782
3 47139904 12989200 17367918
3 88188611 30808535 55149251
3 39396216 26137153 9094208
3 67543074 16797424 47082074
3 7261698 9605168 3256978
3 38133933 12394005 57258885
3 1066913 505510 3004789
3 46734522 60552683 9624120
3 637388 5475093 7238779
3 17646984 84506598 48474288
3 7635551 3046758 2626998
3 37072811 5270846 23936268
3 22217231 3946311 1841388
3 13449850 58796343 45445006
3 3926858 7795866 16034863
3 19599136 53347036 1065736
3 30273403 11937031 38346343
3 2838279 9161988 2004922
