50
4 6 4
1 4 2 1
100 10 1
1
5 5 10
2 4 2 3 4 2 1 2 1 3
1 1 1
1
100 2 2
1 2
1000 100 10
4 3 9 1 2 5 6 9 1 10
1 10 10
4 3 4 1 2 5 6 9 1 10
1 10 9
1 1 1 1 1 1 1 1 1
1000 10 9
1 1 1 1 1 1 1 1 1
934 9 10
8 8 8 8 8 8 8 8 8 8
734 3 10
1 2 3 3 2 1 1 2 3 1
345 19 10
10 10 10 10 10 10 10 10 10 10
765 10 10
10 1 10 1 10 1 10 1 10 1
1000 100 10
10 10 10 10 10 10 10 10 10 10
734 20 10
1 2 3 4 5 6 7 8 9 10
631 16 10
10 9 8 7 6 5 4 3 2 1
3 8 5
4 6 3 8 7
2 5 9
2 5 2 2 5 3 3 4 2
4 11 6
7 10 7 8 7 1
4 11 7
3 9 4 8 9 3 1
109 9 10
6 8 1 6 4 3 3 7 3 3
395 6 9
6 6 4 4 3 4 4 5 2
929 10 10
9 10 4 10 4 5 9 4 4 4
725 11 9
5 7 10 3 10 6 10 8 10
9 27 9
8 10 6 9 5 7 7 6 2
7 20 10
8 6 1 2 1 10 4 8 8 3
9 27 9
1 7 8 7 4 10 4 3 7
6 28 10
1 6 7 8 6 5 8 3 7 1
75 15 10
9 5 7 8 7 5 5 8 9 6
153 25 10
7 7 5 5 7 7 7 8 7 9
167 24 10
6 9 6 8 7 5 8 6 5 7
362 12 10
8 8 5 6 9 7 8 7 9 7
114 31 10
6 7 5 7 9 8 6 7 6 5
105 30 10
5 9 6 8 7 9 8 7 5 8
615 65 9
6 7 6 5 5 5 7 7 7
316 55 8
6 6 6 6 8 8 6 8
706 71 9
6 7 7 8 7 9 6 9 8
966 43 8
5 9 7 7 7 6 7 5
433 92 6
8 9 7 6 9 8
601 75 6
9 9 7 6 5 8
528 19 8
9 8 6 9 8 5 8 9
544 94 6
6 6 6 7 5 7
313 17 9
8 7 8 7 6 6 5 6 8
971 93 5
6 8 6 9 8
120 39 8
9 6 9 7 7 9 8 6
887 70 8
6 8 6 9 5 8 6 8
374 47 5
8 9 8 9 8
25 76 6
7 6 9 9 9 6
14 65 5
6 5 8 7 5
607 4 5
4 4 4 4 4
